# Energy loss (eV)	Intensity (arb. units)
   -1.0000000000           0.0357268174
   -0.9900000000           0.0363546295
   -0.9800000000           0.0370001940
   -0.9700000000           0.0376641907
   -0.9600000000           0.0383473321
   -0.9500000000           0.0390503653
   -0.9400000000           0.0397740734
   -0.9300000000           0.0405192782
   -0.9200000000           0.0412868422
   -0.9100000000           0.0420776710
   -0.9000000000           0.0428927161
   -0.8900000000           0.0437329771
   -0.8800000000           0.0445995053
   -0.8700000000           0.0454934064
   -0.8600000000           0.0464158439
   -0.8500000000           0.0473680430
   -0.8400000000           0.0483512939
   -0.8300000000           0.0493669565
   -0.8200000000           0.0504164645
   -0.8100000000           0.0515013301
   -0.8000000000           0.0526231494
   -0.7900000000           0.0537836075
   -0.7800000000           0.0549844846
   -0.7700000000           0.0562276623
   -0.7600000000           0.0575151305
   -0.7500000000           0.0588489944
   -0.7400000000           0.0602314826
   -0.7300000000           0.0616649555
   -0.7200000000           0.0631519148
   -0.7100000000           0.0646950127
   -0.7000000000           0.0662970630
   -0.6900000000           0.0679610525
   -0.6800000000           0.0696901534
   -0.6700000000           0.0714877364
   -0.6600000000           0.0733573858
   -0.6500000000           0.0753029142
   -0.6400000000           0.0773283805
   -0.6300000000           0.0794381070
   -0.6200000000           0.0816367002
   -0.6100000000           0.0839290714
   -0.6000000000           0.0863204604
   -0.5900000000           0.0888164601
   -0.5800000000           0.0914230440
   -0.5700000000           0.0941465949
   -0.5600000000           0.0969939374
   -0.5500000000           0.0999723712
   -0.5400000000           0.1030897092
   -0.5300000000           0.1063543166
   -0.5200000000           0.1097751543
   -0.5100000000           0.1133618259
   -0.5000000000           0.1171246271
   -0.4900000000           0.1210745998
   -0.4800000000           0.1252235899
   -0.4700000000           0.1295843091
   -0.4600000000           0.1341704003
   -0.4500000000           0.1389965082
   -0.4400000000           0.1440783529
   -0.4300000000           0.1494328080
   -0.4200000000           0.1550779814
   -0.4100000000           0.1610333001
   -0.4000000000           0.1673195956
   -0.3900000000           0.1739591909
   -0.3800000000           0.1809759857
   -0.3700000000           0.1883955388
   -0.3600000000           0.1962451427
   -0.3500000000           0.2045538886
   -0.3400000000           0.2133527139
   -0.3300000000           0.2226744271
   -0.3200000000           0.2325537007
   -0.3100000000           0.2430270202
   -0.3000000000           0.2541325760
   -0.2900000000           0.2659100816
   -0.2800000000           0.2784004942
   -0.2700000000           0.2916456152
   -0.2600000000           0.3056875363
   -0.2500000000           0.3205678964
   -0.2400000000           0.3363269060
   -0.2300000000           0.3530020890
   -0.2200000000           0.3706266900
   -0.2100000000           0.3892276876
   -0.2000000000           0.4088233582
   -0.1900000000           0.4294203372
   -0.1800000000           0.4510101404
   -0.1700000000           0.4735651305
   -0.1600000000           0.4970339597
   -0.1500000000           0.5213365733
   -0.1400000000           0.5463589502
   -0.1300000000           0.5719478575
   -0.1200000000           0.5979060334
   -0.1100000000           0.6239883516
   -0.1000000000           0.6498996604
   -0.0900000000           0.6752950962
   -0.0800000000           0.6997836988
   -0.0700000000           0.7229360742
   -0.0600000000           0.7442965995
   -0.0500000000           0.7634002361
   -0.0400000000           0.7797934174
   -0.0300000000           0.7930577717
   -0.0200000000           0.8028347550
   -0.0100000000           0.8088487565
    0.0000000000           0.8109260640
    0.0100000000           0.8090073405
    0.0200000000           0.8031519789
    0.0300000000           0.7935337476
    0.0400000000           0.7804283135
    0.0500000000           0.7641942772
    0.0600000000           0.7452500675
    0.0700000000           0.7240493087
    0.0800000000           0.7010570975
    0.0900000000           0.6767291160
    0.1000000000           0.6514948183
    0.1100000000           0.6257452254
    0.1200000000           0.5998252634
    0.1300000000           0.5740301476
    0.1400000000           0.5486050694
    0.1500000000           0.5237473573
    0.1600000000           0.4996103126
    0.1700000000           0.4763080272
    0.1800000000           0.4539206283
    0.1900000000           0.4324995388
    0.2000000000           0.4120724733
    0.2100000000           0.3926479968
    0.2200000000           0.3742195569
    0.2300000000           0.3567689638
    0.2400000000           0.3402693287
    0.2500000000           0.3246875009
    0.2600000000           0.3099860539
    0.2700000000           0.2961248793
    0.2800000000           0.2830624442
    0.2900000000           0.2707567678
    0.3000000000           0.2591661651
    0.3100000000           0.2482497995
    0.3200000000           0.2379680846
    0.3300000000           0.2282829616
    0.3400000000           0.2191580828
    0.3500000000           0.2105589192
    0.3600000000           0.2024528110
    0.3700000000           0.1948089747
    0.3800000000           0.1875984781
    0.3900000000           0.1807941914
    0.4000000000           0.1743707217
    0.4100000000           0.1683043366
    0.4200000000           0.1625728802
    0.4300000000           0.1571556851
    0.4400000000           0.1520334822
    0.4500000000           0.1471883110
    0.4600000000           0.1426034304
    0.4700000000           0.1382632307
    0.4800000000           0.1341531489
    0.4900000000           0.1302595857
    0.5000000000           0.1265698257
    0.5100000000           0.1230719605
    0.5200000000           0.1197548152
    0.5300000000           0.1166078784
    0.5400000000           0.1136212371
    0.5500000000           0.1107855173
    0.5600000000           0.1080918305
    0.5700000000           0.1055317294
    0.5800000000           0.1030971735
    0.5900000000           0.1007805067
    0.6000000000           0.0985744467
    0.6100000000           0.0964720895
    0.6200000000           0.0944669247
    0.6300000000           0.0925528622
    0.6400000000           0.0907242637
    0.6500000000           0.0889759757
    0.6600000000           0.0873033565
    0.6700000000           0.0857022920
    0.6800000000           0.0841691949
    0.6900000000           0.0827009863
    0.7000000000           0.0812950577
    0.7100000000           0.0799492192
    0.7200000000           0.0786616356
    0.7300000000           0.0774307588
    0.7400000000           0.0762552606
    0.7500000000           0.0751339721
    0.7600000000           0.0740658320
    0.7700000000           0.0730498460
    0.7800000000           0.0720850583
    0.7900000000           0.0711705326
    0.8000000000           0.0703053429
    0.8100000000           0.0694885711
    0.8200000000           0.0687193095
    0.8300000000           0.0679966670
    0.8400000000           0.0673197768
    0.8500000000           0.0666878054
    0.8600000000           0.0660999614
    0.8700000000           0.0655555039
    0.8800000000           0.0650537502
    0.8900000000           0.0645940825
    0.9000000000           0.0641759542
    0.9100000000           0.0637988945
    0.9200000000           0.0634625131
    0.9300000000           0.0631665038
    0.9400000000           0.0629106477
    0.9500000000           0.0626948158
    0.9600000000           0.0625189715
    0.9700000000           0.0623831724
    0.9800000000           0.0622875722
    0.9900000000           0.0622324217
    1.0000000000           0.0622180700
    1.0100000000           0.0622449644
    1.0200000000           0.0623136506
    1.0300000000           0.0624247710
    1.0400000000           0.0625790626
    1.0500000000           0.0627773526
    1.0600000000           0.0630205525
    1.0700000000           0.0633096496
    1.0800000000           0.0636456944
    1.0900000000           0.0640297852
    1.1000000000           0.0644630459
    1.1100000000           0.0649465990
    1.1200000000           0.0654815304
    1.1300000000           0.0660688456
    1.1400000000           0.0667094151
    1.1500000000           0.0674039100
    1.1600000000           0.0681527231
    1.1700000000           0.0689558794
    1.1800000000           0.0698129328
    1.1900000000           0.0707228535
    1.2000000000           0.0716839079
    1.2100000000           0.0726935390
    1.2200000000           0.0737482550
    1.2300000000           0.0748435396
    1.2400000000           0.0759737999
    1.2500000000           0.0771323695
    1.2600000000           0.0783115885
    1.2700000000           0.0795029761
    1.2800000000           0.0806975106
    1.2900000000           0.0818860188
    1.3000000000           0.0830596658
    1.3100000000           0.0842105168
    1.3200000000           0.0853321291
    1.3300000000           0.0864201176
    1.3400000000           0.0874726309
    1.3500000000           0.0884906837
    1.3600000000           0.0894783002
    1.3700000000           0.0904424545
    1.3800000000           0.0913928145
    1.3900000000           0.0923413279
    1.4000000000           0.0933017006
    1.4100000000           0.0942888316
    1.4200000000           0.0953182610
    1.4300000000           0.0964056786
    1.4400000000           0.0975665240
    1.4500000000           0.0988156918
    1.4600000000           0.1001673406
    1.4700000000           0.1016347923
    1.4800000000           0.1032305040
    1.4900000000           0.1049660881
    1.5000000000           0.1068523595
    1.5100000000           0.1088993880
    1.5200000000           0.1111165387
    1.5300000000           0.1135124846
    1.5400000000           0.1160951781
    1.5500000000           0.1188717710
    1.5600000000           0.1218484719
    1.5700000000           0.1250303331
    1.5800000000           0.1284209588
    1.5900000000           0.1320221280
    1.6000000000           0.1358333274
    1.6100000000           0.1398511960
    1.6200000000           0.1440688852
    1.6300000000           0.1484753515
    1.6400000000           0.1530546085
    1.6500000000           0.1577849825
    1.6600000000           0.1626384328
    1.6700000000           0.1675800217
    1.6800000000           0.1725676345
    1.6900000000           0.1775520656
    1.7000000000           0.1824775883
    1.7100000000           0.1872831082
    1.7200000000           0.1919039616
    1.7300000000           0.1962743561
    1.7400000000           0.2003303574
    1.7500000000           0.2040132344
    1.7600000000           0.2072728756
    1.7700000000           0.2100709319
    1.7800000000           0.2123833313
    1.7900000000           0.2142018612
    1.8000000000           0.2155346315
    1.8100000000           0.2164053833
    1.8200000000           0.2168517694
    1.8300000000           0.2169228648
    1.8400000000           0.2166762412
    1.8500000000           0.2161749519
    1.8600000000           0.2154847214
    1.8700000000           0.2146715452
    1.8800000000           0.2137998063
    1.8900000000           0.2129309201
    1.9000000000           0.2121224568
    1.9100000000           0.2114276540
    1.9200000000           0.2108952269
    1.9300000000           0.2105693900
    1.9400000000           0.2104900299
    1.9500000000           0.2106929799
    1.9600000000           0.2112103690
    1.9700000000           0.2120710239
    1.9800000000           0.2133009063
    1.9900000000           0.2149235703
    2.0000000000           0.2169606257
    2.0100000000           0.2194321888
    2.0200000000           0.2223573090
    2.0300000000           0.2257543539
    2.0400000000           0.2296413443
    2.0500000000           0.2340362254
    2.0600000000           0.2389570677
    2.0700000000           0.2444221877
    2.0800000000           0.2504501820
    2.0900000000           0.2570598661
    2.1000000000           0.2642701098
    2.1100000000           0.2720995620
    2.1200000000           0.2805662554
    2.1300000000           0.2896870836
    2.1400000000           0.2994771465
    2.1500000000           0.3099489603
    2.1600000000           0.3211115353
    2.1700000000           0.3329693323
    2.1800000000           0.3455211156
    2.1900000000           0.3587587301
    2.2000000000           0.3726658418
    2.2100000000           0.3872166885
    2.2200000000           0.4023748929
    2.2300000000           0.4180923959
    2.2400000000           0.4343085616
    2.2500000000           0.4509494997
    2.2600000000           0.4679276355
    2.2700000000           0.4851415379
    2.2800000000           0.5024759961
    2.2900000000           0.5198023159
    2.3000000000           0.5369788030
    2.3100000000           0.5538514139
    2.3200000000           0.5702546052
    2.3300000000           0.5860124928
    2.3400000000           0.6009405338
    2.3500000000           0.6148480439
    2.3600000000           0.6275419056
    2.3700000000           0.6388317786
    2.3800000000           0.6485369418
    2.3900000000           0.6564945999
    2.4000000000           0.6625691066
    2.4100000000           0.6666611871
    2.4200000000           0.6687159890
    2.4300000000           0.6687287517
    2.4400000000           0.6667470959
    2.4500000000           0.6628693851
    2.4600000000           0.6572391974
    2.4700000000           0.6500365421
    2.4800000000           0.6414669190
    2.4900000000           0.6317495657
    2.5000000000           0.6211062204
    2.5100000000           0.6097514974
    2.5200000000           0.5978855849
    2.5300000000           0.5856895379
    2.5400000000           0.5733230320
    2.5500000000           0.5609241295
    2.5600000000           0.5486104295
    2.5700000000           0.5364809267
    2.5800000000           0.5246179802
    2.5900000000           0.5130889548
    2.6000000000           0.5019473048
    2.6100000000           0.4912330700
    2.6200000000           0.4809729259
    2.6300000000           0.4711800334
    2.6400000000           0.4618539778
    2.6500000000           0.4529810693
    2.6600000000           0.4445352130
    2.6700000000           0.4364794620
    2.6800000000           0.4287682593
    2.6900000000           0.4213502648
    2.7000000000           0.4141715635
    2.7100000000           0.4071789803
    2.7200000000           0.4003231892
    2.7300000000           0.3935613137
    2.7400000000           0.3868587695
    2.7500000000           0.3801901932
    2.7600000000           0.3735394171
    2.7700000000           0.3668985685
    2.7800000000           0.3602664713
    2.7900000000           0.3536466036
    2.8000000000           0.3470448905
    2.8100000000           0.3404676142
    2.8200000000           0.3339196821
    2.8300000000           0.3274034401
    2.8400000000           0.3209181427
    2.8500000000           0.3144601145
    2.8600000000           0.3080235533
    2.8700000000           0.3016018495
    2.8800000000           0.2951892270
    2.8900000000           0.2887824678
    2.9000000000           0.2823824650
    2.9100000000           0.2759953737
    2.9200000000           0.2696331883
    2.9300000000           0.2633136643
    2.9400000000           0.2570595998
    2.9500000000           0.2508975846
    2.9600000000           0.2448563842
    2.9700000000           0.2389651591
    2.9800000000           0.2332517057
    2.9900000000           0.2277408742
    3.0000000000           0.2224532693
    3.0100000000           0.2174042891
    3.0200000000           0.2126035156
    3.0300000000           0.2080544451
    3.0400000000           0.2037545289
    3.0500000000           0.1996954967
    3.0600000000           0.1958639327
    3.0700000000           0.1922420837
    3.0800000000           0.1888088726
    3.0900000000           0.1855410878
    3.1000000000           0.1824146995
    3.1100000000           0.1794062370
    3.1200000000           0.1764941353
    3.1300000000           0.1736599466
    3.1400000000           0.1708893072
    3.1500000000           0.1681725671
    3.1600000000           0.1655050173
    3.1700000000           0.1628867008
    3.1800000000           0.1603218384
    3.1900000000           0.1578179481
    3.2000000000           0.1553847647
    3.2100000000           0.1530330819
    3.2200000000           0.1507736267
    3.2300000000           0.1486160594
    3.2400000000           0.1465681600
    3.2500000000           0.1446352312
    3.2600000000           0.1428197224
    3.2700000000           0.1411210532
    3.2800000000           0.1395356041
    3.2900000000           0.1380568341
    3.3000000000           0.1366754828
    3.3100000000           0.1353798243
    3.3200000000           0.1341559502
    3.3300000000           0.1329880772
    3.3400000000           0.1318588889
    3.3500000000           0.1307499394
    3.3600000000           0.1296421476
    3.3700000000           0.1285164099
    3.3800000000           0.1273543372
    3.3900000000           0.1261390958
    3.4000000000           0.1248562984
    3.4100000000           0.1234948588
    3.4200000000           0.1220477132
    3.4300000000           0.1205123062
    3.4400000000           0.1188907697
    3.4500000000           0.1171897575
    3.4600000000           0.1154199518
    3.4700000000           0.1135953000
    3.4800000000           0.1117320733
    3.4900000000           0.1098478571
    3.5000000000           0.1079605718
    3.5100000000           0.1060876102
    3.5200000000           0.1042451442
    3.5300000000           0.1024476279
    3.5400000000           0.1007074949
    3.5500000000           0.0990350320
    3.5600000000           0.0974383967
    3.5700000000           0.0959237456
    3.5800000000           0.0944954382
    3.5900000000           0.0931562875
    3.6000000000           0.0919078321
    3.6100000000           0.0907506112
    3.6200000000           0.0896844278
    3.6300000000           0.0887085876
    3.6400000000           0.0878221034
    3.6500000000           0.0870238571
    3.6600000000           0.0863127098
    3.6700000000           0.0856875575
    3.6800000000           0.0851473284
    3.6900000000           0.0846909259
    3.7000000000           0.0843171227
    3.7100000000           0.0840244191
    3.7200000000           0.0838108793
    3.7300000000           0.0836739628
    3.7400000000           0.0836103703
    3.7500000000           0.0836159212
    3.7600000000           0.0836854818
    3.7700000000           0.0838129592
    3.7800000000           0.0839913723
    3.7900000000           0.0842130092
    3.8000000000           0.0844696689
    3.8100000000           0.0847529774
    3.8200000000           0.0850547598
    3.8300000000           0.0853674353
    3.8400000000           0.0856843988
    3.8500000000           0.0860003468
    3.8600000000           0.0863115136
    3.8700000000           0.0866157872
    3.8800000000           0.0869126953
    3.8900000000           0.0872032643
    3.9000000000           0.0874897680
    3.9100000000           0.0877753940
    3.9200000000           0.0880638606
    3.9300000000           0.0883590141
    3.9400000000           0.0886644354
    3.9500000000           0.0889830785
    3.9600000000           0.0893169591
    3.9700000000           0.0896669070
    3.9800000000           0.0900323932
    3.9900000000           0.0904114412
    4.0000000000           0.0908006270
    4.0100000000           0.0911951732
    4.0200000000           0.0915891343
    4.0300000000           0.0919756686
    4.0400000000           0.0923473831
    4.0500000000           0.0926967332
    4.0600000000           0.0930164495
    4.0700000000           0.0932999632
    4.0800000000           0.0935417991
    4.0900000000           0.0937379064
    4.1000000000           0.0938859092
    4.1100000000           0.0939852634
    4.1200000000           0.0940373195
    4.1300000000           0.0940452975
    4.1400000000           0.0940141850
    4.1500000000           0.0939505724
    4.1600000000           0.0938624363
    4.1700000000           0.0937588818
    4.1800000000           0.0936498511
    4.1900000000           0.0935458098
    4.2000000000           0.0934574180
    4.2100000000           0.0933952038
    4.2200000000           0.0933692525
    4.2300000000           0.0933889313
    4.2400000000           0.0934626665
    4.2500000000           0.0935977869
    4.2600000000           0.0938004444
    4.2700000000           0.0940756140
    4.2800000000           0.0944271726
    4.2900000000           0.0948580485
    4.3000000000           0.0953704285
    4.3100000000           0.0959660074
    4.3200000000           0.0966462598
    4.3300000000           0.0974127149
    4.3400000000           0.0982672120
    4.3500000000           0.0992121214
    4.3600000000           0.1002505144
    4.3700000000           0.1013862758
    4.3800000000           0.1026241572
    4.3900000000           0.1039697740
    4.4000000000           0.1054295575
    4.4100000000           0.1070106723
    4.4200000000           0.1087209129
    4.4300000000           0.1105685900
    4.4400000000           0.1125624155
    4.4500000000           0.1147113908
    4.4600000000           0.1170247008
    4.4700000000           0.1195116103
    4.4800000000           0.1221813602
    4.4900000000           0.1250430568
    4.5000000000           0.1281055487
    4.5100000000           0.1313772842
    4.5200000000           0.1348661447
    4.5300000000           0.1385792490
    4.5400000000           0.1425227258
    4.5500000000           0.1467014531
    4.5600000000           0.1511187656
    4.5700000000           0.1557761368
    4.5800000000           0.1606728427
    4.5900000000           0.1658056270
    4.6000000000           0.1711683855
    4.6100000000           0.1767519001
    4.6200000000           0.1825436517
    4.6300000000           0.1885277423
    4.6400000000           0.1946849507
    4.6500000000           0.2009929329
    4.6600000000           0.2074265601
    4.6700000000           0.2139583612
    4.6800000000           0.2205590144
    4.6900000000           0.2271978103
    4.7000000000           0.2338430018
    4.7100000000           0.2404619652
    4.7200000000           0.2470211254
    4.7300000000           0.2534856429
    4.7400000000           0.2598189215
    4.7500000000           0.2659820450
    4.7600000000           0.2719332993
    4.7700000000           0.2776279430
    4.7800000000           0.2830183692
    4.7900000000           0.2880547412
    4.8000000000           0.2926860970
    4.8100000000           0.2968618224
    4.8200000000           0.3005333142
    4.8300000000           0.3036556134
    4.8400000000           0.3061888046
    4.8500000000           0.3080990453
    4.8600000000           0.3093591962
    4.8700000000           0.3099491407
    4.8800000000           0.3098559619
    4.8900000000           0.3090741750
    4.9000000000           0.3076061667
    4.9100000000           0.3054628858
    4.9200000000           0.3026646974
    4.9300000000           0.2992421918
    4.9400000000           0.2952366706
    4.9500000000           0.2907000437
    4.9600000000           0.2856939554
    4.9700000000           0.2802880966
    4.9800000000           0.2745578089
    4.9900000000           0.2685812174
    5.0000000000           0.2624361962
    5.0100000000           0.2561974827
    5.0200000000           0.2499342079
    5.0300000000           0.2437080245
    5.0400000000           0.2375719177
    5.0500000000           0.2315696935
    5.0600000000           0.2257360704
    5.0700000000           0.2200972575
    5.0800000000           0.2146718842
    5.0900000000           0.2094721511
    5.1000000000           0.2045050808
    5.1100000000           0.1997737745
    5.1200000000           0.1952785936
    5.1300000000           0.1910182107
    5.1400000000           0.1869904861
    5.1500000000           0.1831931468
    5.1600000000           0.1796242552
    5.1700000000           0.1762824769
    5.1800000000           0.1731671661
    5.1900000000           0.1702783046
    5.2000000000           0.1676163334
    5.2100000000           0.1651819201
    5.2200000000           0.1629756994
    5.2300000000           0.1609980180
    5.2400000000           0.1592487049
    5.2500000000           0.1577268799
    5.2600000000           0.1564308083
    5.2700000000           0.1553578044
    5.2800000000           0.1545041885
    5.2900000000           0.1538652974
    5.3000000000           0.1534355529
    5.3100000000           0.1532085877
    5.3200000000           0.1531774283
    5.3300000000           0.1533347251
    5.3400000000           0.1536730197
    5.3500000000           0.1541850295
    5.3600000000           0.1548639275
    5.3700000000           0.1557035986
    5.3800000000           0.1566988527
    5.3900000000           0.1578455905
    5.4000000000           0.1591409219
    5.4100000000           0.1605832503
    5.4200000000           0.1621723402
    5.4300000000           0.1639093833
    5.4400000000           0.1657970727
    5.4500000000           0.1678396826
    5.4600000000           0.1700431381
    5.4700000000           0.1724150526
    5.4800000000           0.1749647053
    5.4900000000           0.1777029369
    5.5000000000           0.1806419522
    5.5100000000           0.1837950332
    5.5200000000           0.1871761781
    5.5300000000           0.1907996950
    5.5400000000           0.1946797855
    5.5500000000           0.1988301521
    5.5600000000           0.2032636632
    5.5700000000           0.2079921021
    5.5800000000           0.2130260180
    5.5900000000           0.2183746889
    5.6000000000           0.2240461980
    5.6100000000           0.2300476144
    5.6200000000           0.2363852594
    5.6300000000           0.2430650291
    5.6400000000           0.2500927367
    5.6500000000           0.2574744303
    5.6600000000           0.2652166399
    5.6700000000           0.2733265132
    5.6800000000           0.2818118109
    5.6900000000           0.2906807474
    5.7000000000           0.2999416844
    5.7100000000           0.3096026982
    5.7200000000           0.3196710559
    5.7300000000           0.3301526380
    5.7400000000           0.3410513362
    5.7500000000           0.3523684439
    5.7600000000           0.3641020332
    5.7700000000           0.3762462871
    5.7800000000           0.3887907304
    5.7900000000           0.4017192813
    5.8000000000           0.4150090353
    5.8100000000           0.4286287015
    5.8200000000           0.4425366422
    5.8300000000           0.4566785319
    5.8400000000           0.4709847351
    5.8500000000           0.4853676103
    5.8600000000           0.4997190568
    5.8700000000           0.5139087047
    5.8800000000           0.5277832037
    5.8900000000           0.5411670471
    5.9000000000           0.5538652880
    5.9100000000           0.5656683426
    5.9200000000           0.5763588480
    5.9300000000           0.5857202868
    5.9400000000           0.5935468214
    5.9500000000           0.5996535733
    5.9600000000           0.6038864520
    5.9700000000           0.6061306324
    5.9800000000           0.6063168907
    5.9900000000           0.6044252288
    6.0000000000           0.6004855067
    6.0100000000           0.5945751177
    6.0200000000           0.5868140323
    6.0300000000           0.5773577770
    6.0400000000           0.5663890617
    6.0500000000           0.5541088263
    6.0600000000           0.5407274326
    6.0700000000           0.5264566133
    6.0800000000           0.5115026188
    6.0900000000           0.4960608091
    6.1000000000           0.4803117651
    6.1100000000           0.4644188347
    6.1200000000           0.4485269284
    6.1300000000           0.4327623148
    6.1400000000           0.4172331490
    6.1500000000           0.4020304798
    6.1600000000           0.3872295228
    6.1700000000           0.3728910333
    6.1800000000           0.3590626669
    6.1900000000           0.3457802619
    6.2000000000           0.3330690137
    6.2100000000           0.3209445373
    6.2200000000           0.3094138281
    6.2300000000           0.2984761413
    6.2400000000           0.2881238104
    6.2500000000           0.2783430265
    6.2600000000           0.2691146028
    6.2700000000           0.2604147403
    6.2800000000           0.2522158144
    6.2900000000           0.2444871937
    6.3000000000           0.2371960955
    6.3100000000           0.2303084753
    6.3200000000           0.2237899343
    6.3300000000           0.2176066195
    6.3400000000           0.2117260781
    6.3500000000           0.2061180221
    6.3600000000           0.2007549578
    6.3700000000           0.1956126380
    6.3800000000           0.1906703098
    6.3900000000           0.1859107458
    6.4000000000           0.1813200712
    6.4100000000           0.1768874170
    6.4200000000           0.1726044465
    6.4300000000           0.1684648133
    6.4400000000           0.1644636096
    6.4500000000           0.1605968575
    6.4600000000           0.1568610851
    6.4700000000           0.1532530116
    6.4800000000           0.1497693477
    6.4900000000           0.1464067037
    6.5000000000           0.1431615838
    6.5100000000           0.1400304415
    6.5200000000           0.1370097675
    6.5300000000           0.1340961887
    6.5400000000           0.1312865604
    6.5500000000           0.1285780407
    6.5600000000           0.1259681433
    6.5700000000           0.1234547618
    6.5800000000           0.1210361670
    6.5900000000           0.1187109723
    6.6000000000           0.1164780691
    6.6100000000           0.1143365330
    6.6200000000           0.1122855079
    6.6300000000           0.1103240770
    6.6400000000           0.1084511300
    6.6500000000           0.1066652405
    6.6600000000           0.1049645591
    6.6700000000           0.1033467317
    6.6800000000           0.1018088425
    6.6900000000           0.1003473848
    6.7000000000           0.0989582565
    6.7100000000           0.0976367817
    6.7200000000           0.0963777550
    6.7300000000           0.0951755090
    6.7400000000           0.0940240016
    6.7500000000           0.0929169205
    6.7600000000           0.0918477987
    6.7700000000           0.0908101360
    6.7800000000           0.0897975193
    6.7900000000           0.0888037377
    6.8000000000           0.0878228901
    6.8100000000           0.0868494834
    6.8200000000           0.0858785257
    6.8300000000           0.0849056150
    6.8400000000           0.0839270263
    6.8500000000           0.0829397957
    6.8600000000           0.0819417985
    6.8700000000           0.0809318128
    6.8800000000           0.0799095597
    6.8900000000           0.0788757110
    6.9000000000           0.0778318541
    6.9100000000           0.0767804094
    6.9200000000           0.0757245005
    6.9300000000           0.0746677803
    6.9400000000           0.0736142258
    6.9500000000           0.0725679156
    6.9600000000           0.0715328118
    6.9700000000           0.0705125666
    6.9800000000           0.0695103720
    6.9900000000           0.0685288673
    7.0000000000           0.0675701104
    7.0100000000           0.0666356096
    7.0200000000           0.0657264044
    7.0300000000           0.0648431781
    7.0400000000           0.0639863802
    7.0500000000           0.0631563377
    7.0600000000           0.0623533406
    7.0700000000           0.0615776898
    7.0800000000           0.0608297072
    7.0900000000           0.0601097118
    7.1000000000           0.0594179703
    7.1100000000           0.0587546353
    7.1200000000           0.0581196795
    7.1300000000           0.0575128364
    7.1400000000           0.0569335526
    7.1500000000           0.0563809539
    7.1600000000           0.0558538268
    7.1700000000           0.0553506153
    7.1800000000           0.0548694313
    7.1900000000           0.0544080774
    7.2000000000           0.0539640834
    7.2100000000           0.0535347529
    7.2200000000           0.0531172214
    7.2300000000           0.0527085231
    7.2400000000           0.0523056638
    7.2500000000           0.0519056985
    7.2600000000           0.0515058096
    7.2700000000           0.0511033820
    7.2800000000           0.0506960754
    7.2900000000           0.0502818881
    7.3000000000           0.0498592142
    7.3100000000           0.0494268889
    7.3200000000           0.0489842213
    7.3300000000           0.0485310110
    7.3400000000           0.0480675438
    7.3500000000           0.0475945663
    7.3600000000           0.0471132375
    7.3700000000           0.0466250614
    7.3800000000           0.0461318046
    7.3900000000           0.0456354064
    7.4000000000           0.0451378889
    7.4100000000           0.0446412730
    7.4200000000           0.0441475053
    7.4300000000           0.0436583962
    7.4400000000           0.0431755720
    7.4500000000           0.0427004363
    7.4600000000           0.0422341412
    7.4700000000           0.0417775666
    7.4800000000           0.0413313059
    7.4900000000           0.0408956592
    7.5000000000           0.0404706344
    7.5100000000           0.0400559581
    7.5200000000           0.0396510957
    7.5300000000           0.0392552827
    7.5400000000           0.0388675658
    7.5500000000           0.0384868517
    7.5600000000           0.0381119614
    7.5700000000           0.0377416857
    7.5800000000           0.0373748378
    7.5900000000           0.0370103004
    7.6000000000           0.0366470624
    7.6100000000           0.0362842459
    7.6200000000           0.0359211212
    7.6300000000           0.0355571129
    7.6400000000           0.0351917963
    7.6500000000           0.0348248889
    7.6600000000           0.0344562383
    7.6700000000           0.0340858086
    7.6800000000           0.0337136684
    7.6900000000           0.0333399803
    7.7000000000           0.0329649935
    7.7100000000           0.0325890401
    7.7200000000           0.0322125327
    7.7300000000           0.0318359643
    7.7400000000           0.0314599071
    7.7500000000           0.0310850094
    7.7600000000           0.0307119888
    7.7700000000           0.0303416195
    7.7800000000           0.0299747148
    7.7900000000           0.0296121043
    7.8000000000           0.0292546078
    7.8100000000           0.0289030087
    7.8200000000           0.0285580292
    7.8300000000           0.0282203102
    7.8400000000           0.0278903975
    7.8500000000           0.0275687364
    7.8600000000           0.0272556726
    7.8700000000           0.0269514599
    7.8800000000           0.0266562711
    7.8900000000           0.0263702112
    7.9000000000           0.0260933301
    7.9100000000           0.0258256331
    7.9200000000           0.0255670897
    7.9300000000           0.0253176386
    7.9400000000           0.0250771924
    7.9500000000           0.0248456398
    7.9600000000           0.0246228485
    7.9700000000           0.0244086674
    7.9800000000           0.0242029292
    7.9900000000           0.0240054529
    8.0000000000           0.0238160446
    8.0100000000           0.0236344964
    8.0200000000           0.0234605828
    8.0300000000           0.0232940542
    8.0400000000           0.0231346284
    8.0500000000           0.0229819802
    8.0600000000           0.0228357317
    8.0700000000           0.0226954443
    8.0800000000           0.0225606151
    8.0900000000           0.0224306793
    8.1000000000           0.0223050192
    8.1100000000           0.0221829815
    8.1200000000           0.0220639016
    8.1300000000           0.0219471332
    8.1400000000           0.0218320802
    8.1500000000           0.0217182279
    8.1600000000           0.0216051676
    8.1700000000           0.0214926119
    8.1800000000           0.0213803975
    8.1900000000           0.0212684748
    8.2000000000           0.0211568851
    8.2100000000           0.0210457290
    8.2200000000           0.0209351304
    8.2300000000           0.0208252015
    8.2400000000           0.0207160131
    8.2500000000           0.0206075735
    8.2600000000           0.0204998189
    8.2700000000           0.0203926131
    8.2800000000           0.0202857572
    8.2900000000           0.0201790050
    8.3000000000           0.0200720818
    8.3100000000           0.0199647034
    8.3200000000           0.0198565928
    8.3300000000           0.0197474935
    8.3400000000           0.0196371790
    8.3500000000           0.0195254587
    8.3600000000           0.0194121817
    8.3700000000           0.0192972393
    8.3800000000           0.0191805676
    8.3900000000           0.0190621507
    8.4000000000           0.0189420245
    8.4100000000           0.0188202796
    8.4200000000           0.0186970635
    8.4300000000           0.0185725794
    8.4400000000           0.0184470823
    8.4500000000           0.0183208709
    8.4600000000           0.0181942760
    8.4700000000           0.0180676463
    8.4800000000           0.0179413331
    8.4900000000           0.0178156737
    8.5000000000           0.0176909771
    8.5100000000           0.0175675098
    8.5200000000           0.0174454853
    8.5300000000           0.0173250558
    8.5400000000           0.0172063068
    8.5500000000           0.0170892553
    8.5600000000           0.0169738508
    8.5700000000           0.0168599795
    8.5800000000           0.0167474720
    8.5900000000           0.0166361138
    8.6000000000           0.0165256577
    8.6100000000           0.0164158391
    8.6200000000           0.0163063928
    8.6300000000           0.0161970695
    8.6400000000           0.0160876527
    8.6500000000           0.0159779735
    8.6600000000           0.0158679220
    8.6700000000           0.0157574546
    8.6800000000           0.0156465969
    8.6900000000           0.0155354394
    8.7000000000           0.0154241301
    8.7100000000           0.0153128609
    8.7200000000           0.0152018526
    8.7300000000           0.0150913379
    8.7400000000           0.0149815453
    8.7500000000           0.0148726843
    8.7600000000           0.0147649343
    8.7700000000           0.0146584360
    8.7800000000           0.0145532861
    8.7900000000           0.0144495353
    8.8000000000           0.0143471891
    8.8100000000           0.0142462111
    8.8200000000           0.0141465279
    8.8300000000           0.0140480374
    8.8400000000           0.0139506179
    8.8500000000           0.0138541391
    8.8600000000           0.0137584745
    8.8700000000           0.0136635136
    8.8800000000           0.0135691745
    8.8900000000           0.0134754147
    8.9000000000           0.0133822399
    8.9100000000           0.0132897107
    8.9200000000           0.0131979450
    8.9300000000           0.0131071175
    8.9400000000           0.0130174554
    8.9500000000           0.0129292308
    8.9600000000           0.0128427498
    8.9700000000           0.0127583403
    8.9800000000           0.0126763383
    8.9900000000           0.0125970742
    9.0000000000           0.0125208597
    9.0100000000           0.0124479771
    9.0200000000           0.0123786703
    9.0300000000           0.0123131385
    9.0400000000           0.0122515324
    9.0500000000           0.0121939523
    9.0600000000           0.0121404487
    9.0700000000           0.0120910231
    9.0800000000           0.0120456307
    9.0900000000           0.0120041829
    9.1000000000           0.0119665510
    9.1100000000           0.0119325697
    9.1200000000           0.0119020421
    9.1300000000           0.0118747447
    9.1400000000           0.0118504327
    9.1500000000           0.0118288464
    9.1600000000           0.0118097170
    9.1700000000           0.0117927717
    9.1800000000           0.0117777393
    9.1900000000           0.0117643535
    9.2000000000           0.0117523556
    9.2100000000           0.0117414963
    9.2200000000           0.0117315357
    9.2300000000           0.0117222427
    9.2400000000           0.0117133934
    9.2500000000           0.0117047695
    9.2600000000           0.0116961569
    9.2700000000           0.0116873451
    9.2800000000           0.0116781276
    9.2900000000           0.0116683051
    9.3000000000           0.0116576891
    9.3100000000           0.0116461079
    9.3200000000           0.0116334135
    9.3300000000           0.0116194884
    9.3400000000           0.0116042512
    9.3500000000           0.0115876611
    9.3600000000           0.0115697190
    9.3700000000           0.0115504672
    9.3800000000           0.0115299858
    9.3900000000           0.0115083871
    9.4000000000           0.0114858103
    9.4100000000           0.0114624146
    9.4200000000           0.0114383740
    9.4300000000           0.0114138736
    9.4400000000           0.0113891066
    9.4500000000           0.0113642738
    9.4600000000           0.0113395835
    9.4700000000           0.0113152533
    9.4800000000           0.0112915107
    9.4900000000           0.0112685942
    9.5000000000           0.0112467541
    9.5100000000           0.0112262512
    9.5200000000           0.0112073559
    9.5300000000           0.0111903462
    9.5400000000           0.0111755046
    9.5500000000           0.0111631160
    9.5600000000           0.0111534643
    9.5700000000           0.0111468300
    9.5800000000           0.0111434886
    9.5900000000           0.0111437085
    9.6000000000           0.0111477507
    9.6100000000           0.0111558685
    9.6200000000           0.0111683080
    9.6300000000           0.0111853086
    9.6400000000           0.0112071034
    9.6500000000           0.0112339193
    9.6600000000           0.0112659756
    9.6700000000           0.0113034827
    9.6800000000           0.0113466388
    9.6900000000           0.0113956271
    9.7000000000           0.0114506115
    9.7100000000           0.0115117335
    9.7200000000           0.0115791093
    9.7300000000           0.0116528274
    9.7400000000           0.0117329477
    9.7500000000           0.0118195001
    9.7600000000           0.0119124849
    9.7700000000           0.0120118713
    9.7800000000           0.0121175958
    9.7900000000           0.0122295595
    9.8000000000           0.0123476232
    9.8100000000           0.0124716013
    9.8200000000           0.0126012538
    9.8300000000           0.0127362771
    9.8400000000           0.0128762931
    9.8500000000           0.0130208384
    9.8600000000           0.0131693528
    9.8700000000           0.0133211688
    9.8800000000           0.0134755029
    9.8900000000           0.0136314515
    9.9000000000           0.0137879906
    9.9100000000           0.0139439836
    9.9200000000           0.0140981971
    9.9300000000           0.0142493265
    9.9400000000           0.0143960311
    9.9500000000           0.0145369792
    9.9600000000           0.0146709008
    9.9700000000           0.0147966456
    9.9800000000           0.0149132419
    9.9900000000           0.0150199521
   10.0000000000           0.0151163183
   10.0100000000           0.0152021924
   10.0200000000           0.0152777478
   10.0300000000           0.0153434675
   10.0400000000           0.0154001113
   10.0500000000           0.0154486624
   10.0600000000           0.0154902609
   10.0700000000           0.0155261288
   10.0800000000           0.0155574954
   10.0900000000           0.0155855303
   10.1000000000           0.0156112882
   10.1100000000           0.0156356714
   10.1200000000           0.0156594092
   10.1300000000           0.0156830562
   10.1400000000           0.0157070044
   10.1500000000           0.0157315070
   10.1600000000           0.0157567099
   10.1700000000           0.0157826855
   10.1800000000           0.0158094659
   10.1900000000           0.0158370728
   10.2000000000           0.0158655421
   10.2100000000           0.0158949411
   10.2200000000           0.0159253794
   10.2300000000           0.0159570131
   10.2400000000           0.0159900419
   10.2500000000           0.0160247021
   10.2600000000           0.0160612547
   10.2700000000           0.0160999730
   10.2800000000           0.0161411288
   10.2900000000           0.0161849813
   10.3000000000           0.0162317692
   10.3100000000           0.0162817063
   10.3200000000           0.0163349816
   10.3300000000           0.0163917616
   10.3400000000           0.0164521956
   10.3500000000           0.0165164204
   10.3600000000           0.0165845639
   10.3700000000           0.0166567457
   10.3800000000           0.0167330756
   10.3900000000           0.0168136478
   10.4000000000           0.0168985325
   10.4100000000           0.0169877664
   10.4200000000           0.0170813426
   10.4300000000           0.0171792030
   10.4400000000           0.0172812336
   10.4500000000           0.0173872670
   10.4600000000           0.0174970909
   10.4700000000           0.0176104654
   10.4800000000           0.0177271484
   10.4900000000           0.0178469270
   10.5000000000           0.0179696528
   10.5100000000           0.0180952766
   10.5200000000           0.0182238787
   10.5300000000           0.0183556890
   10.5400000000           0.0184910957
   10.5500000000           0.0186306371
   10.5600000000           0.0187749797
   10.5700000000           0.0189248823
   10.5800000000           0.0190811493
   10.5900000000           0.0192445789
   10.6000000000           0.0194159093
   10.6100000000           0.0195957690
   10.6200000000           0.0197846344
   10.6300000000           0.0199827972
   10.6400000000           0.0201903461
   10.6500000000           0.0204071621
   10.6600000000           0.0206329287
   10.6700000000           0.0208671566
   10.6800000000           0.0211092219
   10.6900000000           0.0213584134
   10.7000000000           0.0216139864
   10.7100000000           0.0218752159
   10.7200000000           0.0221414435
   10.7300000000           0.0224121111
   10.7400000000           0.0226867758
   10.7500000000           0.0229651028
   10.7600000000           0.0232468355
   10.7700000000           0.0235317466
   10.7800000000           0.0238195764
   10.7900000000           0.0241099658
   10.8000000000           0.0244023939
   10.8100000000           0.0246961286
   10.8200000000           0.0249901965
   10.8300000000           0.0252833752
   10.8400000000           0.0255742094
   10.8500000000           0.0258610457
   10.8600000000           0.0261420821
   10.8700000000           0.0264154221
   10.8800000000           0.0266791261
   10.8900000000           0.0269312508
   10.9000000000           0.0271698708
   10.9100000000           0.0273930788
   10.9200000000           0.0275989652
   10.9300000000           0.0277855816
   10.9400000000           0.0279508953
   10.9500000000           0.0280927462
   10.9600000000           0.0282088154
   10.9700000000           0.0282966178
   10.9800000000           0.0283535253
   10.9900000000           0.0283768274
   11.0000000000           0.0283638280
   11.0100000000           0.0283119773
   11.0200000000           0.0282190273
   11.0300000000           0.0280831987
   11.0400000000           0.0279033425
   11.0500000000           0.0276790769
   11.0600000000           0.0274108840
   11.0700000000           0.0271001513
   11.0800000000           0.0267491535
   11.0900000000           0.0263609731
   11.1000000000           0.0259393693
   11.1100000000           0.0254886092
   11.1200000000           0.0250132783
   11.1300000000           0.0245180893
   11.1400000000           0.0240077058
   11.1500000000           0.0234865924
   11.1600000000           0.0229588999
   11.1700000000           0.0224283872
   11.1800000000           0.0218983766
   11.1900000000           0.0213717398
   11.2000000000           0.0208509034
   11.2100000000           0.0203378700
   11.2200000000           0.0198342452
   11.2300000000           0.0193412675
   11.2400000000           0.0188598373
   11.2500000000           0.0183905432
   11.2600000000           0.0179336871
   11.2700000000           0.0174893081
   11.2800000000           0.0170572083
   11.2900000000           0.0166369801
   11.3000000000           0.0162280378
   11.3100000000           0.0158296539
   11.3200000000           0.0154409982
   11.3300000000           0.0150611820
   11.3400000000           0.0146893015
   11.3500000000           0.0143244832
   11.3600000000           0.0139659248
   11.3700000000           0.0136129326
   11.3800000000           0.0132649515
   11.3900000000           0.0129215877
   11.4000000000           0.0125826207
   11.4100000000           0.0122480068
   11.4200000000           0.0119178713
   11.4300000000           0.0115924927
   11.4400000000           0.0112722775
   11.4500000000           0.0109577297
   11.4600000000           0.0106494162
   11.4700000000           0.0103479309
   11.4800000000           0.0100538605
   11.4900000000           0.0097677539
   11.5000000000           0.0094900971
   11.5100000000           0.0092212948
   11.5200000000           0.0089616589
   11.5300000000           0.0087114033
   11.5400000000           0.0084706448
   11.5500000000           0.0082394079
   11.5600000000           0.0080176337
   11.5700000000           0.0078051900
   11.5800000000           0.0076018832
   11.5900000000           0.0074074695
   11.6000000000           0.0072216666
   11.6100000000           0.0070441633
   11.6200000000           0.0068746292
   11.6300000000           0.0067127221
   11.6400000000           0.0065580945
   11.6500000000           0.0064103992
   11.6600000000           0.0062692934
   11.6700000000           0.0061344419
   11.6800000000           0.0060055194
   11.6900000000           0.0058822128
   11.7000000000           0.0057642218
   11.7100000000           0.0056512598
   11.7200000000           0.0055430543
   11.7300000000           0.0054393471
   11.7400000000           0.0053398937
   11.7500000000           0.0052444636
   11.7600000000           0.0051528391
   11.7700000000           0.0050648157
   11.7800000000           0.0049802006
   11.7900000000           0.0048988129
   11.8000000000           0.0048204824
   11.8100000000           0.0047450495
   11.8200000000           0.0046723639
   11.8300000000           0.0046022847
   11.8400000000           0.0045346797
   11.8500000000           0.0044694244
   11.8600000000           0.0044064021
   11.8700000000           0.0043455029
   11.8800000000           0.0042866237
   11.8900000000           0.0042296672
   11.9000000000           0.0041745423
   11.9100000000           0.0041211628
   11.9200000000           0.0040694478
   11.9300000000           0.0040193209
   11.9400000000           0.0039707102
   11.9500000000           0.0039235477
   11.9600000000           0.0038777695
   11.9700000000           0.0038333149
   11.9800000000           0.0037901268
   11.9900000000           0.0037481512
   12.0000000000           0.0037073369
   12.0100000000           0.0036676354
   12.0200000000           0.0036290010
   12.0300000000           0.0035913902
   12.0400000000           0.0035547619
   12.0500000000           0.0035190769
   12.0600000000           0.0034842982
   12.0700000000           0.0034503905
   12.0800000000           0.0034173204
   12.0900000000           0.0033850562
   12.1000000000           0.0033535674
   12.1100000000           0.0033228254
   12.1200000000           0.0032928028
   12.1300000000           0.0032634733
   12.1400000000           0.0032348122
   12.1500000000           0.0032067956
   12.1600000000           0.0031794010
   12.1700000000           0.0031526067
   12.1800000000           0.0031263921
   12.1900000000           0.0031007375
   12.2000000000           0.0030756240
   12.2100000000           0.0030510336
   12.2200000000           0.0030269491
   12.2300000000           0.0030033539
   12.2400000000           0.0029802322
   12.2500000000           0.0029575691
   12.2600000000           0.0029353498
   12.2700000000           0.0029135606
   12.2800000000           0.0028921881
   12.2900000000           0.0028712195
   12.3000000000           0.0028506426
   12.3100000000           0.0028304455
   12.3200000000           0.0028106170
   12.3300000000           0.0027911461
   12.3400000000           0.0027720225
   12.3500000000           0.0027532360
   12.3600000000           0.0027347770
   12.3700000000           0.0027166362
   12.3800000000           0.0026988047
   12.3900000000           0.0026812738
   12.4000000000           0.0026640353
   12.4100000000           0.0026470810
   12.4200000000           0.0026304034
   12.4300000000           0.0026139950
   12.4400000000           0.0025978486
   12.4500000000           0.0025819573
   12.4600000000           0.0025663145
   12.4700000000           0.0025509136
   12.4800000000           0.0025357486
   12.4900000000           0.0025208133
   12.5000000000           0.0025061021
   12.5100000000           0.0024916092
   12.5200000000           0.0024773292
   12.5300000000           0.0024632571
   12.5400000000           0.0024493875
   12.5500000000           0.0024357158
   12.5600000000           0.0024222370
   12.5700000000           0.0024089467
   12.5800000000           0.0023958404
   12.5900000000           0.0023829138
   12.6000000000           0.0023701627
   12.6100000000           0.0023575831
   12.6200000000           0.0023451712
   12.6300000000           0.0023329229
   12.6400000000           0.0023208349
   12.6500000000           0.0023089033
   12.6600000000           0.0022971249
   12.6700000000           0.0022854962
   12.6800000000           0.0022740141
   12.6900000000           0.0022626752
   12.7000000000           0.0022514767
   12.7100000000           0.0022404154
   12.7200000000           0.0022294886
   12.7300000000           0.0022186933
   12.7400000000           0.0022080269
   12.7500000000           0.0021974868
   12.7600000000           0.0021870703
   12.7700000000           0.0021767749
   12.7800000000           0.0021665983
   12.7900000000           0.0021565379
   12.8000000000           0.0021465917
   12.8100000000           0.0021367572
   12.8200000000           0.0021270323
   12.8300000000           0.0021174150
   12.8400000000           0.0021079030
   12.8500000000           0.0020984945
   12.8600000000           0.0020891875
   12.8700000000           0.0020799800
   12.8800000000           0.0020708701
   12.8900000000           0.0020618562
   12.9000000000           0.0020529364
   12.9100000000           0.0020441090
   12.9200000000           0.0020353724
   12.9300000000           0.0020267248
   12.9400000000           0.0020181647
   12.9500000000           0.0020096906
   12.9600000000           0.0020013009
   12.9700000000           0.0019929942
   12.9800000000           0.0019847690
   12.9900000000           0.0019766239
   13.0000000000           0.0019685575
   13.0100000000           0.0019605685
   13.0200000000           0.0019526556
   13.0300000000           0.0019448176
   13.0400000000           0.0019370530
   13.0500000000           0.0019293609
   13.0600000000           0.0019217399
   13.0700000000           0.0019141888
   13.0800000000           0.0019067067
   13.0900000000           0.0018992923
   13.1000000000           0.0018919445
   13.1100000000           0.0018846623
   13.1200000000           0.0018774447
   13.1300000000           0.0018702907
   13.1400000000           0.0018631992
   13.1500000000           0.0018561693
   13.1600000000           0.0018492000
   13.1700000000           0.0018422905
   13.1800000000           0.0018354398
   13.1900000000           0.0018286469
   13.2000000000           0.0018219111
   13.2100000000           0.0018152316
   13.2200000000           0.0018086074
   13.2300000000           0.0018020377
   13.2400000000           0.0017955218
   13.2500000000           0.0017890588
   13.2600000000           0.0017826481
   13.2700000000           0.0017762888
   13.2800000000           0.0017699802
   13.2900000000           0.0017637217
   13.3000000000           0.0017575124
   13.3100000000           0.0017513518
   13.3200000000           0.0017452390
   13.3300000000           0.0017391736
   13.3400000000           0.0017331547
   13.3500000000           0.0017271819
   13.3600000000           0.0017212544
   13.3700000000           0.0017153716
   13.3800000000           0.0017095330
   13.3900000000           0.0017037379
   13.4000000000           0.0016979858
   13.4100000000           0.0016922761
   13.4200000000           0.0016866083
   13.4300000000           0.0016809818
   13.4400000000           0.0016753960
   13.4500000000           0.0016698505
   13.4600000000           0.0016643447
   13.4700000000           0.0016588781
   13.4800000000           0.0016534503
   13.4900000000           0.0016480607
   13.5000000000           0.0016427089
   13.5100000000           0.0016373943
   13.5200000000           0.0016321166
   13.5300000000           0.0016268753
   13.5400000000           0.0016216698
   13.5500000000           0.0016164999
   13.5600000000           0.0016113651
   13.5700000000           0.0016062649
   13.5800000000           0.0016011989
   13.5900000000           0.0015961667
   13.6000000000           0.0015911680
   13.6100000000           0.0015862022
   13.6200000000           0.0015812692
   13.6300000000           0.0015763683
   13.6400000000           0.0015714994
   13.6500000000           0.0015666620
   13.6600000000           0.0015618557
   13.6700000000           0.0015570803
   13.6800000000           0.0015523353
   13.6900000000           0.0015476204
   13.7000000000           0.0015429352
   13.7100000000           0.0015382796
   13.7200000000           0.0015336530
   13.7300000000           0.0015290552
   13.7400000000           0.0015244859
   13.7500000000           0.0015199447
   13.7600000000           0.0015154315
   13.7700000000           0.0015109457
   13.7800000000           0.0015064873
   13.7900000000           0.0015020558
   13.8000000000           0.0014976509
   13.8100000000           0.0014932725
   13.8200000000           0.0014889202
   13.8300000000           0.0014845937
   13.8400000000           0.0014802929
   13.8500000000           0.0014760173
   13.8600000000           0.0014717668
   13.8700000000           0.0014675410
   13.8800000000           0.0014633398
   13.8900000000           0.0014591629
   13.9000000000           0.0014550101
   13.9100000000           0.0014508810
   13.9200000000           0.0014467755
   13.9300000000           0.0014426933
   13.9400000000           0.0014386342
   13.9500000000           0.0014345980
   13.9600000000           0.0014305844
   13.9700000000           0.0014265933
   13.9800000000           0.0014226243
   13.9900000000           0.0014186774
   14.0000000000           0.0014147522
   14.0100000000           0.0014108485
   14.0200000000           0.0014069662
   14.0300000000           0.0014031051
   14.0400000000           0.0013992649
   14.0500000000           0.0013954455
   14.0600000000           0.0013916467
   14.0700000000           0.0013878682
   14.0800000000           0.0013841099
   14.0900000000           0.0013803715
   14.1000000000           0.0013766530
   14.1100000000           0.0013729541
   14.1200000000           0.0013692747
   14.1300000000           0.0013656145
   14.1400000000           0.0013619735
   14.1500000000           0.0013583513
   14.1600000000           0.0013547479
   14.1700000000           0.0013511631
   14.1800000000           0.0013475967
   14.1900000000           0.0013440486
   14.2000000000           0.0013405185
   14.2100000000           0.0013370064
   14.2200000000           0.0013335121
   14.2300000000           0.0013300354
   14.2400000000           0.0013265762
   14.2500000000           0.0013231343
   14.2600000000           0.0013197096
   14.2700000000           0.0013163019
   14.2800000000           0.0013129111
   14.2900000000           0.0013095370
   14.3000000000           0.0013061795
   14.3100000000           0.0013028385
   14.3200000000           0.0012995138
   14.3300000000           0.0012962053
   14.3400000000           0.0012929128
   14.3500000000           0.0012896362
   14.3600000000           0.0012863755
   14.3700000000           0.0012831304
   14.3800000000           0.0012799008
   14.3900000000           0.0012766866
   14.4000000000           0.0012734877
   14.4100000000           0.0012703039
   14.4200000000           0.0012671352
   14.4300000000           0.0012639814
   14.4400000000           0.0012608424
   14.4500000000           0.0012577180
   14.4600000000           0.0012546082
   14.4700000000           0.0012515129
   14.4800000000           0.0012484318
   14.4900000000           0.0012453650
   14.5000000000           0.0012423123
   14.5100000000           0.0012392736
   14.5200000000           0.0012362488
   14.5300000000           0.0012332378
   14.5400000000           0.0012302404
   14.5500000000           0.0012272567
   14.5600000000           0.0012242864
   14.5700000000           0.0012213294
   14.5800000000           0.0012183857
   14.5900000000           0.0012154552
   14.6000000000           0.0012125378
   14.6100000000           0.0012096333
   14.6200000000           0.0012067417
   14.6300000000           0.0012038628
   14.6400000000           0.0012009967
   14.6500000000           0.0011981431
   14.6600000000           0.0011953021
   14.6700000000           0.0011924734
   14.6800000000           0.0011896571
   14.6900000000           0.0011868530
   14.7000000000           0.0011840610
   14.7100000000           0.0011812810
   14.7200000000           0.0011785131
   14.7300000000           0.0011757570
   14.7400000000           0.0011730127
   14.7500000000           0.0011702801
   14.7600000000           0.0011675591
   14.7700000000           0.0011648497
   14.7800000000           0.0011621518
   14.7900000000           0.0011594652
   14.8000000000           0.0011567899
   14.8100000000           0.0011541259
   14.8200000000           0.0011514730
   14.8300000000           0.0011488312
   14.8400000000           0.0011462003
   14.8500000000           0.0011435804
   14.8600000000           0.0011409714
   14.8700000000           0.0011383731
   14.8800000000           0.0011357854
   14.8900000000           0.0011332085
   14.9000000000           0.0011306420
   14.9100000000           0.0011280861
   14.9200000000           0.0011255406
   14.9300000000           0.0011230054
   14.9400000000           0.0011204804
   14.9500000000           0.0011179657
   14.9600000000           0.0011154611
   14.9700000000           0.0011129666
   14.9800000000           0.0011104821
   14.9900000000           0.0011080076
   15.0000000000           0.0011055429
   15.0100000000           0.0011030880
   15.0200000000           0.0011006429
   15.0300000000           0.0010982074
   15.0400000000           0.0010957816
   15.0500000000           0.0010933653
   15.0600000000           0.0010909585
   15.0700000000           0.0010885612
   15.0800000000           0.0010861732
   15.0900000000           0.0010837946
   15.1000000000           0.0010814252
   15.1100000000           0.0010790650
   15.1200000000           0.0010767139
   15.1300000000           0.0010743720
   15.1400000000           0.0010720390
   15.1500000000           0.0010697150
   15.1600000000           0.0010674000
   15.1700000000           0.0010650938
   15.1800000000           0.0010627964
   15.1900000000           0.0010605078
   15.2000000000           0.0010582278
   15.2100000000           0.0010559566
   15.2200000000           0.0010536939
   15.2300000000           0.0010514397
   15.2400000000           0.0010491940
   15.2500000000           0.0010469568
   15.2600000000           0.0010447279
   15.2700000000           0.0010425074
   15.2800000000           0.0010402952
   15.2900000000           0.0010380912
   15.3000000000           0.0010358954
   15.3100000000           0.0010337077
   15.3200000000           0.0010315281
   15.3300000000           0.0010293566
   15.3400000000           0.0010271930
   15.3500000000           0.0010250374
   15.3600000000           0.0010228897
   15.3700000000           0.0010207499
   15.3800000000           0.0010186178
   15.3900000000           0.0010164936
   15.4000000000           0.0010143770
   15.4100000000           0.0010122681
   15.4200000000           0.0010101669
   15.4300000000           0.0010080732
   15.4400000000           0.0010059871
   15.4500000000           0.0010039085
   15.4600000000           0.0010018373
   15.4700000000           0.0009997735
   15.4800000000           0.0009977172
   15.4900000000           0.0009956681
   15.5000000000           0.0009936263
   15.5100000000           0.0009915918
   15.5200000000           0.0009895645
   15.5300000000           0.0009875444
   15.5400000000           0.0009855313
   15.5500000000           0.0009835254
   15.5600000000           0.0009815265
   15.5700000000           0.0009795346
   15.5800000000           0.0009775497
   15.5900000000           0.0009755718
   15.6000000000           0.0009736007
   15.6100000000           0.0009716365
   15.6200000000           0.0009696791
   15.6300000000           0.0009677284
   15.6400000000           0.0009657845
   15.6500000000           0.0009638474
   15.6600000000           0.0009619169
   15.6700000000           0.0009599930
   15.6800000000           0.0009580757
   15.6900000000           0.0009561650
   15.7000000000           0.0009542608
   15.7100000000           0.0009523632
   15.7200000000           0.0009504719
   15.7300000000           0.0009485871
   15.7400000000           0.0009467087
   15.7500000000           0.0009448367
   15.7600000000           0.0009429709
   15.7700000000           0.0009411115
   15.7800000000           0.0009392583
   15.7900000000           0.0009374114
   15.8000000000           0.0009355706
   15.8100000000           0.0009337360
   15.8200000000           0.0009319075
   15.8300000000           0.0009300851
   15.8400000000           0.0009282688
   15.8500000000           0.0009264585
   15.8600000000           0.0009246542
   15.8700000000           0.0009228559
   15.8800000000           0.0009210636
   15.8900000000           0.0009192771
   15.9000000000           0.0009174965
   15.9100000000           0.0009157218
   15.9200000000           0.0009139529
   15.9300000000           0.0009121897
   15.9400000000           0.0009104324
   15.9500000000           0.0009086807
   15.9600000000           0.0009069348
   15.9700000000           0.0009051945
   15.9800000000           0.0009034599
   15.9900000000           0.0009017309
   16.0000000000           0.0009000075
   16.0100000000           0.0008982897
   16.0200000000           0.0008965774
   16.0300000000           0.0008948706
   16.0400000000           0.0008931693
   16.0500000000           0.0008914734
   16.0600000000           0.0008897830
   16.0700000000           0.0008880979
   16.0800000000           0.0008864182
   16.0900000000           0.0008847439
   16.1000000000           0.0008830749
   16.1100000000           0.0008814112
   16.1200000000           0.0008797528
   16.1300000000           0.0008780996
   16.1400000000           0.0008764516
   16.1500000000           0.0008748088
   16.1600000000           0.0008731712
   16.1700000000           0.0008715387
   16.1800000000           0.0008699113
   16.1900000000           0.0008682890
   16.2000000000           0.0008666718
   16.2100000000           0.0008650597
   16.2200000000           0.0008634525
   16.2300000000           0.0008618504
   16.2400000000           0.0008602532
   16.2500000000           0.0008586610
   16.2600000000           0.0008570737
   16.2700000000           0.0008554913
   16.2800000000           0.0008539138
   16.2900000000           0.0008523412
   16.3000000000           0.0008507734
   16.3100000000           0.0008492104
   16.3200000000           0.0008476521
   16.3300000000           0.0008460987
   16.3400000000           0.0008445500
   16.3500000000           0.0008430060
   16.3600000000           0.0008414667
   16.3700000000           0.0008399321
   16.3800000000           0.0008384022
   16.3900000000           0.0008368769
   16.4000000000           0.0008353562
   16.4100000000           0.0008338401
   16.4200000000           0.0008323286
   16.4300000000           0.0008308216
   16.4400000000           0.0008293191
   16.4500000000           0.0008278212
   16.4600000000           0.0008263278
   16.4700000000           0.0008248388
   16.4800000000           0.0008233543
   16.4900000000           0.0008218742
   16.5000000000           0.0008203985
   16.5100000000           0.0008189272
   16.5200000000           0.0008174603
   16.5300000000           0.0008159977
   16.5400000000           0.0008145395
   16.5500000000           0.0008130856
   16.5600000000           0.0008116359
   16.5700000000           0.0008101906
   16.5800000000           0.0008087495
   16.5900000000           0.0008073126
   16.6000000000           0.0008058800
   16.6100000000           0.0008044515
   16.6200000000           0.0008030273
   16.6300000000           0.0008016071
   16.6400000000           0.0008001912
   16.6500000000           0.0007987793
   16.6600000000           0.0007973716
   16.6700000000           0.0007959680
   16.6800000000           0.0007945684
   16.6900000000           0.0007931729
   16.7000000000           0.0007917814
   16.7100000000           0.0007903939
   16.7200000000           0.0007890105
   16.7300000000           0.0007876310
   16.7400000000           0.0007862555
   16.7500000000           0.0007848840
   16.7600000000           0.0007835163
   16.7700000000           0.0007821526
   16.7800000000           0.0007807928
   16.7900000000           0.0007794369
   16.8000000000           0.0007780848
   16.8100000000           0.0007767366
   16.8200000000           0.0007753923
   16.8300000000           0.0007740517
   16.8400000000           0.0007727150
   16.8500000000           0.0007713820
   16.8600000000           0.0007700528
   16.8700000000           0.0007687274
   16.8800000000           0.0007674057
   16.8900000000           0.0007660877
   16.9000000000           0.0007647734
   16.9100000000           0.0007634628
   16.9200000000           0.0007621559
   16.9300000000           0.0007608527
   16.9400000000           0.0007595531
   16.9500000000           0.0007582571
   16.9600000000           0.0007569647
   16.9700000000           0.0007556760
   16.9800000000           0.0007543908
   16.9900000000           0.0007531092
   17.0000000000           0.0007518312
   17.0100000000           0.0007505567
   17.0200000000           0.0007492857
   17.0300000000           0.0007480182
   17.0400000000           0.0007467542
   17.0500000000           0.0007454938
   17.0600000000           0.0007442367
   17.0700000000           0.0007429832
   17.0800000000           0.0007417331
   17.0900000000           0.0007404864
   17.1000000000           0.0007392431
   17.1100000000           0.0007380032
   17.1200000000           0.0007367667
   17.1300000000           0.0007355336
   17.1400000000           0.0007343039
   17.1500000000           0.0007330775
   17.1600000000           0.0007318544
   17.1700000000           0.0007306346
   17.1800000000           0.0007294181
   17.1900000000           0.0007282050
   17.2000000000           0.0007269951
   17.2100000000           0.0007257885
   17.2200000000           0.0007245851
   17.2300000000           0.0007233850
   17.2400000000           0.0007221881
   17.2500000000           0.0007209944
   17.2600000000           0.0007198039
   17.2700000000           0.0007186166
   17.2800000000           0.0007174325
   17.2900000000           0.0007162515
   17.3000000000           0.0007150737
   17.3100000000           0.0007138991
   17.3200000000           0.0007127275
   17.3300000000           0.0007115591
   17.3400000000           0.0007103938
   17.3500000000           0.0007092316
   17.3600000000           0.0007080724
   17.3700000000           0.0007069164
   17.3800000000           0.0007057633
   17.3900000000           0.0007046133
   17.4000000000           0.0007034664
   17.4100000000           0.0007023225
   17.4200000000           0.0007011815
   17.4300000000           0.0007000436
   17.4400000000           0.0006989087
   17.4500000000           0.0006977767
   17.4600000000           0.0006966477
   17.4700000000           0.0006955216
   17.4800000000           0.0006943985
   17.4900000000           0.0006932783
   17.5000000000           0.0006921611
   17.5100000000           0.0006910467
   17.5200000000           0.0006899352
   17.5300000000           0.0006888266
   17.5400000000           0.0006877209
   17.5500000000           0.0006866181
   17.5600000000           0.0006855181
   17.5700000000           0.0006844209
   17.5800000000           0.0006833266
   17.5900000000           0.0006822351
   17.6000000000           0.0006811464
   17.6100000000           0.0006800605
   17.6200000000           0.0006789774
   17.6300000000           0.0006778970
   17.6400000000           0.0006768195
   17.6500000000           0.0006757447
   17.6600000000           0.0006746726
   17.6700000000           0.0006736033
   17.6800000000           0.0006725367
   17.6900000000           0.0006714728
   17.7000000000           0.0006704116
   17.7100000000           0.0006693531
   17.7200000000           0.0006682973
   17.7300000000           0.0006672442
   17.7400000000           0.0006661937
   17.7500000000           0.0006651459
   17.7600000000           0.0006641008
   17.7700000000           0.0006630583
   17.7800000000           0.0006620184
   17.7900000000           0.0006609811
   17.8000000000           0.0006599465
   17.8100000000           0.0006589144
   17.8200000000           0.0006578849
   17.8300000000           0.0006568580
   17.8400000000           0.0006558337
   17.8500000000           0.0006548120
   17.8600000000           0.0006537928
   17.8700000000           0.0006527761
   17.8800000000           0.0006517620
   17.8900000000           0.0006507504
   17.9000000000           0.0006497413
   17.9100000000           0.0006487347
   17.9200000000           0.0006477306
   17.9300000000           0.0006467290
   17.9400000000           0.0006457299
   17.9500000000           0.0006447332
   17.9600000000           0.0006437391
   17.9700000000           0.0006427473
   17.9800000000           0.0006417580
   17.9900000000           0.0006407712
   18.0000000000           0.0006397868
   18.0100000000           0.0006388048
   18.0200000000           0.0006378252
   18.0300000000           0.0006368480
   18.0400000000           0.0006358732
   18.0500000000           0.0006349008
   18.0600000000           0.0006339307
   18.0700000000           0.0006329630
   18.0800000000           0.0006319977
   18.0900000000           0.0006310348
   18.1000000000           0.0006300741
   18.1100000000           0.0006291159
   18.1200000000           0.0006281599
   18.1300000000           0.0006272063
   18.1400000000           0.0006262549
   18.1500000000           0.0006253059
   18.1600000000           0.0006243592
   18.1700000000           0.0006234147
   18.1800000000           0.0006224726
   18.1900000000           0.0006215327
   18.2000000000           0.0006205950
   18.2100000000           0.0006196596
   18.2200000000           0.0006187265
   18.2300000000           0.0006177956
   18.2400000000           0.0006168670
   18.2500000000           0.0006159405
   18.2600000000           0.0006150163
   18.2700000000           0.0006140943
   18.2800000000           0.0006131745
   18.2900000000           0.0006122568
   18.3000000000           0.0006113414
   18.3100000000           0.0006104282
   18.3200000000           0.0006095171
   18.3300000000           0.0006086082
   18.3400000000           0.0006077014
   18.3500000000           0.0006067968
   18.3600000000           0.0006058943
   18.3700000000           0.0006049940
   18.3800000000           0.0006040958
   18.3900000000           0.0006031997
   18.4000000000           0.0006023057
   18.4100000000           0.0006014138
   18.4200000000           0.0006005240
   18.4300000000           0.0005996364
   18.4400000000           0.0005987508
   18.4500000000           0.0005978672
   18.4600000000           0.0005969858
   18.4700000000           0.0005961064
   18.4800000000           0.0005952291
   18.4900000000           0.0005943538
   18.5000000000           0.0005934806
   18.5100000000           0.0005926094
   18.5200000000           0.0005917402
   18.5300000000           0.0005908730
   18.5400000000           0.0005900079
   18.5500000000           0.0005891448
   18.5600000000           0.0005882837
   18.5700000000           0.0005874245
   18.5800000000           0.0005865674
   18.5900000000           0.0005857123
   18.6000000000           0.0005848591
   18.6100000000           0.0005840079
   18.6200000000           0.0005831586
   18.6300000000           0.0005823114
   18.6400000000           0.0005814660
   18.6500000000           0.0005806226
   18.6600000000           0.0005797812
   18.6700000000           0.0005789417
   18.6800000000           0.0005781041
   18.6900000000           0.0005772684
   18.7000000000           0.0005764346
   18.7100000000           0.0005756028
   18.7200000000           0.0005747728
   18.7300000000           0.0005739447
   18.7400000000           0.0005731186
   18.7500000000           0.0005722943
   18.7600000000           0.0005714719
   18.7700000000           0.0005706513
   18.7800000000           0.0005698326
   18.7900000000           0.0005690158
   18.8000000000           0.0005682008
   18.8100000000           0.0005673877
   18.8200000000           0.0005665764
   18.8300000000           0.0005657669
   18.8400000000           0.0005649593
   18.8500000000           0.0005641535
   18.8600000000           0.0005633495
   18.8700000000           0.0005625473
   18.8800000000           0.0005617469
   18.8900000000           0.0005609484
   18.9000000000           0.0005601516
   18.9100000000           0.0005593566
   18.9200000000           0.0005585634
   18.9300000000           0.0005577719
   18.9400000000           0.0005569822
   18.9500000000           0.0005561943
   18.9600000000           0.0005554082
   18.9700000000           0.0005546238
   18.9800000000           0.0005538412
   18.9900000000           0.0005530602
   19.0000000000           0.0005522811
   19.0100000000           0.0005515036
   19.0200000000           0.0005507279
   19.0300000000           0.0005499539
   19.0400000000           0.0005491817
   19.0500000000           0.0005484111
   19.0600000000           0.0005476423
   19.0700000000           0.0005468751
   19.0800000000           0.0005461096
   19.0900000000           0.0005453458
   19.1000000000           0.0005445838
   19.1100000000           0.0005438233
   19.1200000000           0.0005430646
   19.1300000000           0.0005423075
   19.1400000000           0.0005415521
   19.1500000000           0.0005407983
   19.1600000000           0.0005400462
   19.1700000000           0.0005392958
   19.1800000000           0.0005385470
   19.1900000000           0.0005377998
   19.2000000000           0.0005370542
   19.2100000000           0.0005363103
   19.2200000000           0.0005355680
   19.2300000000           0.0005348273
   19.2400000000           0.0005340883
   19.2500000000           0.0005333508
   19.2600000000           0.0005326149
   19.2700000000           0.0005318807
   19.2800000000           0.0005311480
   19.2900000000           0.0005304169
   19.3000000000           0.0005296874
   19.3100000000           0.0005289595
   19.3200000000           0.0005282331
   19.3300000000           0.0005275084
   19.3400000000           0.0005267851
   19.3500000000           0.0005260635
   19.3600000000           0.0005253434
   19.3700000000           0.0005246248
   19.3800000000           0.0005239078
   19.3900000000           0.0005231923
   19.4000000000           0.0005224784
   19.4100000000           0.0005217660
   19.4200000000           0.0005210551
   19.4300000000           0.0005203457
   19.4400000000           0.0005196379
   19.4500000000           0.0005189315
   19.4600000000           0.0005182267
   19.4700000000           0.0005175234
   19.4800000000           0.0005168215
   19.4900000000           0.0005161212
   19.5000000000           0.0005154224
   19.5100000000           0.0005147250
   19.5200000000           0.0005140291
   19.5300000000           0.0005133347
   19.5400000000           0.0005126418
   19.5500000000           0.0005119503
   19.5600000000           0.0005112603
   19.5700000000           0.0005105718
   19.5800000000           0.0005098847
   19.5900000000           0.0005091990
   19.6000000000           0.0005085148
   19.6100000000           0.0005078321
   19.6200000000           0.0005071508
   19.6300000000           0.0005064709
   19.6400000000           0.0005057924
   19.6500000000           0.0005051154
   19.6600000000           0.0005044398
   19.6700000000           0.0005037656
   19.6800000000           0.0005030928
   19.6900000000           0.0005024214
   19.7000000000           0.0005017515
   19.7100000000           0.0005010829
   19.7200000000           0.0005004157
   19.7300000000           0.0004997499
   19.7400000000           0.0004990855
   19.7500000000           0.0004984225
   19.7600000000           0.0004977609
   19.7700000000           0.0004971006
   19.7800000000           0.0004964417
   19.7900000000           0.0004957842
   19.8000000000           0.0004951280
   19.8100000000           0.0004944732
   19.8200000000           0.0004938198
   19.8300000000           0.0004931677
   19.8400000000           0.0004925170
   19.8500000000           0.0004918676
   19.8600000000           0.0004912195
   19.8700000000           0.0004905728
   19.8800000000           0.0004899274
   19.8900000000           0.0004892833
   19.9000000000           0.0004886405
   19.9100000000           0.0004879991
   19.9200000000           0.0004873590
   19.9300000000           0.0004867202
   19.9400000000           0.0004860827
   19.9500000000           0.0004854465
   19.9600000000           0.0004848117
   19.9700000000           0.0004841781
   19.9800000000           0.0004835458
   19.9900000000           0.0004829148
   20.0000000000           0.0004822851
