# Energy loss (eV)	Intensity (arb. units)
   -1.0000000000           0.0375808602
   -0.9900000000           0.0382474589
   -0.9800000000           0.0389330610
   -0.9700000000           0.0396383969
   -0.9600000000           0.0403642317
   -0.9500000000           0.0411113677
   -0.9400000000           0.0418806463
   -0.9300000000           0.0426729502
   -0.9200000000           0.0434892058
   -0.9100000000           0.0443303862
   -0.9000000000           0.0451975134
   -0.8900000000           0.0460916615
   -0.8800000000           0.0470139600
   -0.8700000000           0.0479655970
   -0.8600000000           0.0489478226
   -0.8500000000           0.0499619533
   -0.8400000000           0.0510093757
   -0.8300000000           0.0520915511
   -0.8200000000           0.0532100203
   -0.8100000000           0.0543664084
   -0.8000000000           0.0555624308
   -0.7900000000           0.0567998987
   -0.7800000000           0.0580807255
   -0.7700000000           0.0594069336
   -0.7600000000           0.0607806618
   -0.7500000000           0.0622041732
   -0.7400000000           0.0636798633
   -0.7300000000           0.0652102696
   -0.7200000000           0.0667980812
   -0.7100000000           0.0684461495
   -0.7000000000           0.0701574995
   -0.6900000000           0.0719353422
   -0.6800000000           0.0737830880
   -0.6700000000           0.0757043611
   -0.6600000000           0.0777030149
   -0.6500000000           0.0797831489
   -0.6400000000           0.0819491271
   -0.6300000000           0.0842055970
   -0.6200000000           0.0865575117
   -0.6100000000           0.0890101522
   -0.6000000000           0.0915691528
   -0.5900000000           0.0942405276
   -0.5800000000           0.0970306999
   -0.5700000000           0.0999465336
   -0.5600000000           0.1029953672
   -0.5500000000           0.1061850511
   -0.5400000000           0.1095239868
   -0.5300000000           0.1130211703
   -0.5200000000           0.1166862385
   -0.5100000000           0.1205295191
   -0.5000000000           0.1245620846
   -0.4900000000           0.1287958102
   -0.4800000000           0.1332434356
   -0.4700000000           0.1379186318
   -0.4600000000           0.1428360717
   -0.4500000000           0.1480115056
   -0.4400000000           0.1534618404
   -0.4300000000           0.1592052238
   -0.4200000000           0.1652611315
   -0.4100000000           0.1716504575
   -0.4000000000           0.1783956070
   -0.3900000000           0.1855205891
   -0.3800000000           0.1930511093
   -0.3700000000           0.2010146573
   -0.3600000000           0.2094405879
   -0.3500000000           0.2183601905
   -0.3400000000           0.2278067405
   -0.3300000000           0.2378155257
   -0.3200000000           0.2484238391
   -0.3100000000           0.2596709235
   -0.3000000000           0.2715978562
   -0.2900000000           0.2842473519
   -0.2800000000           0.2976634639
   -0.2700000000           0.3118911528
   -0.2600000000           0.3269756918
   -0.2500000000           0.3429618670
   -0.2400000000           0.3598929277
   -0.2300000000           0.3778092333
   -0.2200000000           0.3967465401
   -0.2100000000           0.4167338639
   -0.2000000000           0.4377908601
   -0.1900000000           0.4599246620
   -0.1800000000           0.4831261387
   -0.1700000000           0.5073655575
   -0.1600000000           0.5325876803
   -0.1500000000           0.5587063902
   -0.1400000000           0.5855990331
   -0.1300000000           0.6131007764
   -0.1200000000           0.6409994263
   -0.1100000000           0.6690313026
   -0.1000000000           0.6968789145
   -0.0900000000           0.7241712970
   -0.0800000000           0.7504879004
   -0.0700000000           0.7753668329
   -0.0600000000           0.7983179885
   -0.0500000000           0.8188411333
   -0.0400000000           0.8364483731
   -0.0300000000           0.8506896713
   -0.0200000000           0.8611793461
   -0.0100000000           0.8676209244
    0.0000000000           0.8698275416
    0.0100000000           0.8677353631
    0.0200000000           0.8614082679
    0.0300000000           0.8510331649
    0.0400000000           0.8369065720
    0.0500000000           0.8194142159
    0.0600000000           0.7990061780
    0.0700000000           0.7761703983
    0.0800000000           0.7514071568
    0.0900000000           0.7252066056
    0.1000000000           0.6980306841
    0.1100000000           0.6702999895
    0.1200000000           0.6423855356
    0.1300000000           0.6146048628
    0.1400000000           0.5872217019
    0.1500000000           0.5604482981
    0.1600000000           0.5344495370
    0.1700000000           0.5093481269
    0.1800000000           0.4852302400
    0.1900000000           0.4621511715
    0.2000000000           0.4401407130
    0.2100000000           0.4192080557
    0.2200000000           0.3993461288
    0.2300000000           0.3805353415
    0.2400000000           0.3627467444
    0.2500000000           0.3459446506
    0.2600000000           0.3300887723
    0.2700000000           0.3151359347
    0.2800000000           0.3010414291
    0.2900000000           0.2877600628
    0.3000000000           0.2752469593
    0.3100000000           0.2634581529
    0.3200000000           0.2523510204
    0.3300000000           0.2418845803
    0.3400000000           0.2320196900
    0.3500000000           0.2227191616
    0.3600000000           0.2139478175
    0.3700000000           0.2056724980
    0.3800000000           0.1978620355
    0.3900000000           0.1904872032
    0.4000000000           0.1835206464
    0.4100000000           0.1769368019
    0.4200000000           0.1707118106
    0.4300000000           0.1648234261
    0.4400000000           0.1592509220
    0.4500000000           0.1539750002
    0.4600000000           0.1489777012
    0.4700000000           0.1442423171
    0.4800000000           0.1397533094
    0.4900000000           0.1354962298
    0.5000000000           0.1314576459
    0.5100000000           0.1276250718
    0.5200000000           0.1239869024
    0.5300000000           0.1205323529
    0.5400000000           0.1172514019
    0.5500000000           0.1141347393
    0.5600000000           0.1111737173
    0.5700000000           0.1083603060
    0.5800000000           0.1056870517
    0.5900000000           0.1031470392
    0.6000000000           0.1007338565
    0.6100000000           0.0984415624
    0.6200000000           0.0962646575
    0.6300000000           0.0941980564
    0.6400000000           0.0922370632
    0.6500000000           0.0903773480
    0.6600000000           0.0886149258
    0.6700000000           0.0869461367
    0.6800000000           0.0853676269
    0.6900000000           0.0838763317
    0.7000000000           0.0824694579
    0.7100000000           0.0811444671
    0.7200000000           0.0798990593
    0.7300000000           0.0787311548
    0.7400000000           0.0776388760
    0.7500000000           0.0766205267
    0.7600000000           0.0756745691
    0.7700000000           0.0747995976
    0.7800000000           0.0739943075
    0.7900000000           0.0732574590
    0.8000000000           0.0725878336
    0.8100000000           0.0719841838
    0.8200000000           0.0714451719
    0.8300000000           0.0709693004
    0.8400000000           0.0705548302
    0.8500000000           0.0701996889
    0.8600000000           0.0699013680
    0.8700000000           0.0696568135
    0.8800000000           0.0694623124
    0.8900000000           0.0693133823
    0.9000000000           0.0692046737
    0.9100000000           0.0691298963
    0.9200000000           0.0690817855
    0.9300000000           0.0690521243
    0.9400000000           0.0690318383
    0.9500000000           0.0690111767
    0.9600000000           0.0689799879
    0.9700000000           0.0689280866
    0.9800000000           0.0688456999
    0.9900000000           0.0687239606
    1.0000000000           0.0685554088
    1.0100000000           0.0683344490
    1.0200000000           0.0680577126
    1.0300000000           0.0677242797
    1.0400000000           0.0673357323
    1.0500000000           0.0668960318
    1.0600000000           0.0664112366
    1.0700000000           0.0658890956
    1.0800000000           0.0653385670
    1.0900000000           0.0647693135
    1.1000000000           0.0641912236
    1.1100000000           0.0636139950
    1.1200000000           0.0630468031
    1.1300000000           0.0624980654
    1.1400000000           0.0619752973
    1.1500000000           0.0614850497
    1.1600000000           0.0610329135
    1.1700000000           0.0606235729
    1.1800000000           0.0602608916
    1.1900000000           0.0599480193
    1.2000000000           0.0596875057
    1.2100000000           0.0594814146
    1.2200000000           0.0593314333
    1.2300000000           0.0592389723
    1.2400000000           0.0592052551
    1.2500000000           0.0592313968
    1.2600000000           0.0593184721
    1.2700000000           0.0594675734
    1.2800000000           0.0596798604
    1.2900000000           0.0599566013
    1.3000000000           0.0602992083
    1.3100000000           0.0607092669
    1.3200000000           0.0611885606
    1.3300000000           0.0617390915
    1.3400000000           0.0623630970
    1.3500000000           0.0630630633
    1.3600000000           0.0638417349
    1.3700000000           0.0647021211
    1.3800000000           0.0656474969
    1.3900000000           0.0666814002
    1.4000000000           0.0678076215
    1.4100000000           0.0690301863
    1.4200000000           0.0703533274
    1.4300000000           0.0717814453
    1.4400000000           0.0733190532
    1.4500000000           0.0749707035
    1.4600000000           0.0767408921
    1.4700000000           0.0786339365
    1.4800000000           0.0806538221
    1.4900000000           0.0828040136
    1.5000000000           0.0850872270
    1.5100000000           0.0875051589
    1.5200000000           0.0900581739
    1.5300000000           0.0927449508
    1.5400000000           0.0955620965
    1.5500000000           0.0985037403
    1.5600000000           0.1015611302
    1.5700000000           0.1047222629
    1.5800000000           0.1079715851
    1.5900000000           0.1112898164
    1.6000000000           0.1146539439
    1.6100000000           0.1180374388
    1.6200000000           0.1214107327
    1.6300000000           0.1247419684
    1.6400000000           0.1279980052
    1.6500000000           0.1311456196
    1.6600000000           0.1341527954
    1.6700000000           0.1369899702
    1.6800000000           0.1396310880
    1.6900000000           0.1420543302
    1.7000000000           0.1442424401
    1.7100000000           0.1461826324
    1.7200000000           0.1478661586
    1.7300000000           0.1492876709
    1.7400000000           0.1504445684
    1.7500000000           0.1513365120
    1.7600000000           0.1519652466
    1.7700000000           0.1523347984
    1.7800000000           0.1524520135
    1.7900000000           0.1523273239
    1.8000000000           0.1519755568
    1.8100000000           0.1514165912
    1.8200000000           0.1506756838
    1.8300000000           0.1497833511
    1.8400000000           0.1487747791
    1.8500000000           0.1476888122
    1.8600000000           0.1465666399
    1.8700000000           0.1454503326
    1.8800000000           0.1443813804
    1.8900000000           0.1433993614
    1.9000000000           0.1425408243
    1.9100000000           0.1418384225
    1.9200000000           0.1413202967
    1.9300000000           0.1410096675
    1.9400000000           0.1409245874
    1.9500000000           0.1410777891
    1.9600000000           0.1414765755
    1.9700000000           0.1421227069
    1.9800000000           0.1430122543
    1.9900000000           0.1441354128
    2.0000000000           0.1454762831
    2.0100000000           0.1470126593
    2.0200000000           0.1487158761
    2.0300000000           0.1505507931
    2.0400000000           0.1524760066
    2.0500000000           0.1544443847
    2.0600000000           0.1564040107
    2.0700000000           0.1582995948
    2.0800000000           0.1600743619
    2.0900000000           0.1616723572
    2.1000000000           0.1630410291
    2.1100000000           0.1641338741
    2.1200000000           0.1649128699
    2.1300000000           0.1653504057
    2.1400000000           0.1654304540
    2.1500000000           0.1651488120
    2.1600000000           0.1645123684
    2.1700000000           0.1635374893
    2.1800000000           0.1622477442
    2.1900000000           0.1606712797
    2.2000000000           0.1588381775
    2.2100000000           0.1567781132
    2.2200000000           0.1545185595
    2.2300000000           0.1520836783
    2.2400000000           0.1494939393
    2.2500000000           0.1467663954
    2.2600000000           0.1439154666
    2.2700000000           0.1409540276
    2.2800000000           0.1378945760
    2.2900000000           0.1347502747
    2.3000000000           0.1315357077
    2.3100000000           0.1282672567
    2.3200000000           0.1249630776
    2.3300000000           0.1216427271
    2.3400000000           0.1183265323
    2.3500000000           0.1150348234
    2.3600000000           0.1117871482
    2.3700000000           0.1086015645
    2.3800000000           0.1054940793
    2.3900000000           0.1024782678
    2.4000000000           0.0995650788
    2.4100000000           0.0967628071
    2.4200000000           0.0940772060
    2.4300000000           0.0915116993
    2.4400000000           0.0890676609
    2.4500000000           0.0867447237
    2.4600000000           0.0845410954
    2.4700000000           0.0824538563
    2.4800000000           0.0804792293
    2.4900000000           0.0786128124
    2.5000000000           0.0768497752
    2.5100000000           0.0751850224
    2.5200000000           0.0736133295
    2.5300000000           0.0721294604
    2.5400000000           0.0707282709
    2.5500000000           0.0694048026
    2.5600000000           0.0681543674
    2.5700000000           0.0669726211
    2.5800000000           0.0658556203
    2.5900000000           0.0647998596
    2.6000000000           0.0638022851
    2.6100000000           0.0628602837
    2.6200000000           0.0619716487
    2.6300000000           0.0611345294
    2.6400000000           0.0603473686
    2.6500000000           0.0596088358
    2.6600000000           0.0589177638
    2.6700000000           0.0582730923
    2.6800000000           0.0576738220
    2.6900000000           0.0571189816
    2.7000000000           0.0566076055
    2.7100000000           0.0561387227
    2.7200000000           0.0557113530
    2.7300000000           0.0553245107
    2.7400000000           0.0549772107
    2.7500000000           0.0546684785
    2.7600000000           0.0543973599
    2.7700000000           0.0541629315
    2.7800000000           0.0539643097
    2.7900000000           0.0538006589
    2.8000000000           0.0536711986
    2.8100000000           0.0535752084
    2.8200000000           0.0535120322
    2.8300000000           0.0534810807
    2.8400000000           0.0534818330
    2.8500000000           0.0535138370
    2.8600000000           0.0535767083
    2.8700000000           0.0536701285
    2.8800000000           0.0537938423
    2.8900000000           0.0539476537
    2.9000000000           0.0541314201
    2.9100000000           0.0543450462
    2.9200000000           0.0545884752
    2.9300000000           0.0548616787
    2.9400000000           0.0551646446
    2.9500000000           0.0554973620
    2.9600000000           0.0558598041
    2.9700000000           0.0562519077
    2.9800000000           0.0566735503
    2.9900000000           0.0571245241
    3.0000000000           0.0576045084
    3.0100000000           0.0581130404
    3.0200000000           0.0586494868
    3.0300000000           0.0592130176
    3.0400000000           0.0598025871
    3.0500000000           0.0604169229
    3.0600000000           0.0610545297
    3.0700000000           0.0617137113
    3.0800000000           0.0623926139
    3.0900000000           0.0630892937
    3.1000000000           0.0638018078
    3.1100000000           0.0645283263
    3.1200000000           0.0652672564
    3.1300000000           0.0660173716
    3.1400000000           0.0667779305
    3.1500000000           0.0675487760
    3.1600000000           0.0683304015
    3.1700000000           0.0691239800
    3.1800000000           0.0699313522
    3.1900000000           0.0707549787
    3.2000000000           0.0715978622
    3.2100000000           0.0724634519
    3.2200000000           0.0733555384
    3.2300000000           0.0742781500
    3.2400000000           0.0752354577
    3.2500000000           0.0762316929
    3.2600000000           0.0772710825
    3.2700000000           0.0783577994
    3.2800000000           0.0794959309
    3.2900000000           0.0806894612
    3.3000000000           0.0819422677
    3.3100000000           0.0832581282
    3.3200000000           0.0846407371
    3.3300000000           0.0860937274
    3.3400000000           0.0876206988
    3.3500000000           0.0892252470
    3.3600000000           0.0909109956
    3.3700000000           0.0926816265
    3.3800000000           0.0945409091
    3.3900000000           0.0964927243
    3.4000000000           0.0985410834
    3.4100000000           0.1006901365
    3.4200000000           0.1029441689
    3.4300000000           0.1053075816
    3.4400000000           0.1077848514
    3.4500000000           0.1103804695
    3.4600000000           0.1130988538
    3.4700000000           0.1159442342
    3.4800000000           0.1189205115
    3.4900000000           0.1220310878
    3.5000000000           0.1252786739
    3.5100000000           0.1286650762
    3.5200000000           0.1321909716
    3.5300000000           0.1358556825
    3.5400000000           0.1396569687
    3.5500000000           0.1435908588
    3.5600000000           0.1476515504
    3.5700000000           0.1518314140
    3.5800000000           0.1561211362
    3.5900000000           0.1605100388
    3.6000000000           0.1649865993
    3.6100000000           0.1695391822
    3.6200000000           0.1741569675
    3.6300000000           0.1788310286
    3.6400000000           0.1835554842
    3.6500000000           0.1883286173
    3.6600000000           0.1931538444
    3.6700000000           0.1980404206
    3.6800000000           0.2030037923
    3.6900000000           0.2080655533
    3.7000000000           0.2132530081
    3.7100000000           0.2185984025
    3.7200000000           0.2241379132
    3.7300000000           0.2299105099
    3.7400000000           0.2359568023
    3.7500000000           0.2423179627
    3.7600000000           0.2490347891
    3.7700000000           0.2561469378
    3.7800000000           0.2636923318
    3.7900000000           0.2717067234
    3.8000000000           0.2802233838
    3.8100000000           0.2892728830
    3.8200000000           0.2988829284
    3.8300000000           0.3090782352
    3.8400000000           0.3198804089
    3.8500000000           0.3313078278
    3.8600000000           0.3433755209
    3.8700000000           0.3560950406
    3.8800000000           0.3694743347
    3.8900000000           0.3835176281
    3.9000000000           0.3982253282
    3.9100000000           0.4135939753
    3.9200000000           0.4296162580
    3.9300000000           0.4462811109
    3.9400000000           0.4635738942
    3.9500000000           0.4814766167
    3.9600000000           0.4999681174
    3.9700000000           0.5190240568
    3.9800000000           0.5386165129
    3.9900000000           0.5587129425
    4.0000000000           0.5792742783
    4.0100000000           0.6002519942
    4.0200000000           0.6215841040
    4.0300000000           0.6431902347
    4.0400000000           0.6649661281
    4.0500000000           0.6867781351
    4.0600000000           0.7084584507
    4.0700000000           0.7298019522
    4.0800000000           0.7505655378
    4.0900000000           0.7704707745
    4.1000000000           0.7892104496
    4.1100000000           0.8064592571
    4.1200000000           0.8218883607
    4.1300000000           0.8351829974
    4.1400000000           0.8460617051
    4.1500000000           0.8542952932
    4.1600000000           0.8597234484
    4.1700000000           0.8622669789
    4.1800000000           0.8619341713
    4.1900000000           0.8588205021
    4.2000000000           0.8531018583
    4.2100000000           0.8450222801
    4.2200000000           0.8348778680
    4.2300000000           0.8229987765
    4.2400000000           0.8097311462
    4.2500000000           0.7954204679
    4.2600000000           0.7803973642
    4.2700000000           0.7649662518
    4.2800000000           0.7493969124
    4.2900000000           0.7339187156
    4.3000000000           0.7187171012
    4.3100000000           0.7039319251
    4.3200000000           0.6896573432
    4.3300000000           0.6759430240
    4.3400000000           0.6627965887
    4.3500000000           0.6501872673
    4.3600000000           0.6380507973
    4.3700000000           0.6262955841
    4.3800000000           0.6148100629
    4.3900000000           0.6034710803
    4.4000000000           0.5921529395
    4.4100000000           0.5807365829
    4.4200000000           0.5691182422
    4.4300000000           0.5572168250
    4.4400000000           0.5449793619
    4.4500000000           0.5323840171
    4.4600000000           0.5194404419
    4.4700000000           0.5061875841
    4.4800000000           0.4926893714
    4.4900000000           0.4790289137
    4.5000000000           0.4653019764
    4.5100000000           0.4516104518
    4.5200000000           0.4380564282
    4.5300000000           0.4247372724
    4.5400000000           0.4117419342
    4.5500000000           0.3991485024
    4.5600000000           0.3870229091
    4.5700000000           0.3754185877
    4.5800000000           0.3643768626
    4.5900000000           0.3539278415
    4.6000000000           0.3440916095
    4.6100000000           0.3348795581
    4.6200000000           0.3262957248
    4.6300000000           0.3183380526
    4.6400000000           0.3109995130
    4.6500000000           0.3042690613
    4.6600000000           0.2981324095
    4.6700000000           0.2925726197
    4.6800000000           0.2875705246
    4.6900000000           0.2831049941
    4.7000000000           0.2791530657
    4.7100000000           0.2756899642
    4.7200000000           0.2726890371
    4.7300000000           0.2701216394
    4.7400000000           0.2679570027
    4.7500000000           0.2661621354
    4.7600000000           0.2647018033
    4.7700000000           0.2635386466
    4.7800000000           0.2626334907
    4.7900000000           0.2619459006
    4.8000000000           0.2614350117
    4.8100000000           0.2610606406
    4.8200000000           0.2607846377
    4.8300000000           0.2605723982
    4.8400000000           0.2603944029
    4.8500000000           0.2602276298
    4.8600000000           0.2600566709
    4.8700000000           0.2598744141
    4.8800000000           0.2596821999
    4.8900000000           0.2594894347
    4.9000000000           0.2593127204
    4.9100000000           0.2591746201
    4.9200000000           0.2591022168
    4.9300000000           0.2591256301
    4.9400000000           0.2592766273
    4.9500000000           0.2595874268
    4.9600000000           0.2600897350
    4.9700000000           0.2608140177
    4.9800000000           0.2617889670
    4.9900000000           0.2630411149
    5.0000000000           0.2645945374
    5.0100000000           0.2664706065
    5.0200000000           0.2686877631
    5.0300000000           0.2712612954
    5.0400000000           0.2742031225
    5.0500000000           0.2775215837
    5.0600000000           0.2812212338
    5.0700000000           0.2853026387
    5.0800000000           0.2897621557
    5.0900000000           0.2945916788
    5.1000000000           0.2997783248
    5.1100000000           0.3053040395
    5.1200000000           0.3111451139
    5.1300000000           0.3172716134
    5.1400000000           0.3236467447
    5.1500000000           0.3302262047
    5.1600000000           0.3369575810
    5.1700000000           0.3437798995
    5.1800000000           0.3506234412
    5.1900000000           0.3574099754
    5.2000000000           0.3640535745
    5.2100000000           0.3704621710
    5.2200000000           0.3765399841
    5.2300000000           0.3821908667
    5.2400000000           0.3873225020
    5.2500000000           0.3918512319
    5.2600000000           0.3957071401
    5.2700000000           0.3988388944
    5.2800000000           0.4012177951
    5.2900000000           0.4028405220
    5.3000000000           0.4037302078
    5.3100000000           0.4039356798
    5.3200000000           0.4035289536
    5.3300000000           0.4026012808
    5.3400000000           0.4012582022
    5.3500000000           0.3996141266
    5.3600000000           0.3977869199
    5.3700000000           0.3958929051
    5.3800000000           0.3940425375
    5.3900000000           0.3923368914
    5.4000000000           0.3908649819
    5.4100000000           0.3897018658
    5.4200000000           0.3889074270
    5.4300000000           0.3885257407
    5.4400000000           0.3885849267
    5.4500000000           0.3890974279
    5.4600000000           0.3900606848
    5.4700000000           0.3914582038
    5.4800000000           0.3932610341
    5.4900000000           0.3954296712
    5.5000000000           0.3979163849
    5.5100000000           0.4006679348
    5.5200000000           0.4036285807
    5.5300000000           0.4067432378
    5.5400000000           0.4099605765
    5.5500000000           0.4132358348
    5.5600000000           0.4165331186
    5.5700000000           0.4198270136
    5.5800000000           0.4231034111
    5.5900000000           0.4263595579
    5.6000000000           0.4296034422
    5.6100000000           0.4328527041
    5.6200000000           0.4361332977
    5.6300000000           0.4394781146
    5.6400000000           0.4429257252
    5.6500000000           0.4465193064
    5.6600000000           0.4503057410
    5.6700000000           0.4543348027
    5.6800000000           0.4586583005
    5.6900000000           0.4633290574
    5.7000000000           0.4683996186
    5.7100000000           0.4739206345
    5.7200000000           0.4799389117
    5.7300000000           0.4864951721
    5.7400000000           0.4936215972
    5.7500000000           0.5013392534
    5.7600000000           0.5096555065
    5.7700000000           0.5185615335
    5.7800000000           0.5280300352
    5.7900000000           0.5380132534
    5.8000000000           0.5484413982
    5.8100000000           0.5592216014
    5.8200000000           0.5702375274
    5.8300000000           0.5813497978
    5.8400000000           0.5923973994
    5.8500000000           0.6032002559
    5.8600000000           0.6135631236
    5.8700000000           0.6232809117
    5.8800000000           0.6321454252
    5.8900000000           0.6399533615
    5.9000000000           0.6465151942
    5.9100000000           0.6516643518
    5.9200000000           0.6552659102
    5.9300000000           0.6572239078
    5.9400000000           0.6574864080
    5.9500000000           0.6560476180
    5.9600000000           0.6529467000
    5.9700000000           0.6482633426
    5.9800000000           0.6421106125
    5.9900000000           0.6346259832
    6.0000000000           0.6259616580
    6.0100000000           0.6162753360
    6.0200000000           0.6057224010
    6.0300000000           0.5944502047
    6.0400000000           0.5825947246
    6.0500000000           0.5702794922
    6.0600000000           0.5576163617
    6.0700000000           0.5447074861
    6.0800000000           0.5316477996
    6.0900000000           0.5185273629
    6.1000000000           0.5054330975
    6.1100000000           0.4924496499
    6.1200000000           0.4796593548
    6.1300000000           0.4671414456
    6.1400000000           0.4549707750
    6.1500000000           0.4432163456
    6.1600000000           0.4319399212
    6.1700000000           0.4211949195
    6.1800000000           0.4110257021
    6.1900000000           0.4014672975
    6.2000000000           0.3925455355
    6.2100000000           0.3842775318
    6.2200000000           0.3766724541
    6.2300000000           0.3697324971
    6.2400000000           0.3634540086
    6.2500000000           0.3578287185
    6.2600000000           0.3528450312
    6.2700000000           0.3484893441
    6.2800000000           0.3447473511
    6.2900000000           0.3416052851
    6.3000000000           0.3390510456
    6.3100000000           0.3370751562
    6.3200000000           0.3356715018
    6.3300000000           0.3348378056
    6.3400000000           0.3345758201
    6.3500000000           0.3348912289
    6.3600000000           0.3357932657
    6.3700000000           0.3372940731
    6.3800000000           0.3394078267
    6.3900000000           0.3421496521
    6.4000000000           0.3455343575
    6.4100000000           0.3495749993
    6.4200000000           0.3542812879
    6.4300000000           0.3596578388
    6.4400000000           0.3657022666
    6.4500000000           0.3724031238
    6.4600000000           0.3797376950
    6.4700000000           0.3876696818
    6.4800000000           0.3961468400
    6.4900000000           0.4050986831
    6.5000000000           0.4144344156
    6.5100000000           0.4240413250
    6.5200000000           0.4337839137
    6.5300000000           0.4435040965
    6.5400000000           0.4530227973
    6.5500000000           0.4621432333
    6.5600000000           0.4706560752
    6.5700000000           0.4783464920
    6.5800000000           0.4850028558
    6.5900000000           0.4904266151
    6.6000000000           0.4944425899
    6.6100000000           0.4969087606
    6.6200000000           0.4977245606
    6.6300000000           0.4968367721
    6.6400000000           0.4942423676
    6.6500000000           0.4899879934
    6.6600000000           0.4841661919
    6.6700000000           0.4769088376
    6.6800000000           0.4683785448
    6.6900000000           0.4587589645
    6.7000000000           0.4482449027
    6.7100000000           0.4370330911
    6.7200000000           0.4253142486
    6.7300000000           0.4132668353
    6.7400000000           0.4010526618
    6.7500000000           0.3888143032
    6.7600000000           0.3766741045
    6.7700000000           0.3647344616
    6.7800000000           0.3530790209
    6.7900000000           0.3417744444
    6.8000000000           0.3308724387
    6.8100000000           0.3204118123
    6.8200000000           0.3104204037
    6.8300000000           0.3009167918
    6.8400000000           0.2919117557
    6.8500000000           0.2834094887
    6.8600000000           0.2754085863
    6.8700000000           0.2679028369
    6.8800000000           0.2608818363
    6.8900000000           0.2543314470
    6.9000000000           0.2482341190
    6.9100000000           0.2425690932
    6.9200000000           0.2373125174
    6.9300000000           0.2324375130
    6.9400000000           0.2279142450
    6.9500000000           0.2237100537
    6.9600000000           0.2197897102
    6.9700000000           0.2161158519
    6.9800000000           0.2126496415
    6.9900000000           0.2093516699
    7.0000000000           0.2061830888
    7.0100000000           0.2031069243
    7.0200000000           0.2000894830
    7.0300000000           0.1971017285
    7.0400000000           0.1941204912
    7.0500000000           0.1911293762
    7.0600000000           0.1881192594
    7.0700000000           0.1850883128
    7.0800000000           0.1820415557
    7.0900000000           0.1789899929
    7.1000000000           0.1759494455
    7.1100000000           0.1729392105
    7.1200000000           0.1699806870
    7.1300000000           0.1670960911
    7.1400000000           0.1643073482
    7.1500000000           0.1616352151
    7.1600000000           0.1590986476
    7.1700000000           0.1567144012
    7.1800000000           0.1544968342
    7.1900000000           0.1524578709
    7.2000000000           0.1506070827
    7.2100000000           0.1489518445
    7.2200000000           0.1474975338
    7.2300000000           0.1462477414
    7.2400000000           0.1452044728
    7.2500000000           0.1443683232
    7.2600000000           0.1437386137
    7.2700000000           0.1433134834
    7.2800000000           0.1430899321
    7.2900000000           0.1430638175
    7.3000000000           0.1432298118
    7.3100000000           0.1435813295
    7.3200000000           0.1441104395
    7.3300000000           0.1448077812
    7.3400000000           0.1456625008
    7.3500000000           0.1466622283
    7.3600000000           0.1477931101
    7.3700000000           0.1490399083
    7.3800000000           0.1503861718
    7.3900000000           0.1518144724
    7.4000000000           0.1533066916
    7.4100000000           0.1548443278
    7.4200000000           0.1564087918
    7.4300000000           0.1579816497
    7.4400000000           0.1595447849
    7.4500000000           0.1610804670
    7.4600000000           0.1625713435
    7.4700000000           0.1640004000
    7.4800000000           0.1653509625
    7.4900000000           0.1666068240
    7.5000000000           0.1677525735
    7.5100000000           0.1687741724
    7.5200000000           0.1696597743
    7.5300000000           0.1704007292
    7.5400000000           0.1709926541
    7.5500000000           0.1714364201
    7.5600000000           0.1717388938
    7.5700000000           0.1719132940
    7.5800000000           0.1719790795
    7.5900000000           0.1719613501
    7.6000000000           0.1718898154
    7.6100000000           0.1717974410
    7.6200000000           0.1717189137
    7.6300000000           0.1716890675
    7.6400000000           0.1717413891
    7.6500000000           0.1719066813
    7.6600000000           0.1722119220
    7.6700000000           0.1726793140
    7.6800000000           0.1733255000
    7.6900000000           0.1741609028
    7.7000000000           0.1751891555
    7.7100000000           0.1764065983
    7.7200000000           0.1778018424
    7.7300000000           0.1793554238
    7.7400000000           0.1810396010
    7.7500000000           0.1828183698
    7.7600000000           0.1846477921
    7.7700000000           0.1864767424
    7.7800000000           0.1882481647
    7.7900000000           0.1899009059
    7.8000000000           0.1913721325
    7.8100000000           0.1926002625
    7.8200000000           0.1935282445
    7.8300000000           0.1941069306
    7.8400000000           0.1942982156
    7.8500000000           0.1940775927
    7.8600000000           0.1934358112
    7.8700000000           0.1923794175
    7.8800000000           0.1909301039
    7.8900000000           0.1891229449
    7.9000000000           0.1870037485
    7.9100000000           0.1846258439
    7.9200000000           0.1820466655
    7.9300000000           0.1793244696
    7.9400000000           0.1765154536
    7.9500000000           0.1736714512
    7.9600000000           0.1708382842
    7.9700000000           0.1680547655
    7.9800000000           0.1653522917
    7.9900000000           0.1627549217
    8.0000000000           0.1602798285
    8.0100000000           0.1579380097
    8.0200000000           0.1557351566
    8.0300000000           0.1536726005
    8.0400000000           0.1517482730
    8.0500000000           0.1499576384
    8.0600000000           0.1482945695
    8.0700000000           0.1467521488
    8.0800000000           0.1453233792
    8.0900000000           0.1440017917
    8.1000000000           0.1427819306
    8.1100000000           0.1416597001
    8.1200000000           0.1406325557
    8.1300000000           0.1396995361
    8.1400000000           0.1388611407
    8.1500000000           0.1381190783
    8.1600000000           0.1374759206
    8.1700000000           0.1369347067
    8.1800000000           0.1364985450
    8.1900000000           0.1361702521
    8.2000000000           0.1359520635
    8.2100000000           0.1358454358
    8.2200000000           0.1358509556
    8.2300000000           0.1359683597
    8.2400000000           0.1361966684
    8.2500000000           0.1365344259
    8.2600000000           0.1369800355
    8.2700000000           0.1375321639
    8.2800000000           0.1381901759
    8.2900000000           0.1389545477
    8.3000000000           0.1398271958
    8.3100000000           0.1408116598
    8.3200000000           0.1419130880
    8.3300000000           0.1431379940
    8.3400000000           0.1444937847
    8.3500000000           0.1459880850
    8.3600000000           0.1476279155
    8.3700000000           0.1494187940
    8.3800000000           0.1513638405
    8.3900000000           0.1534629635
    8.4000000000           0.1557121973
    8.4100000000           0.1581032474
    8.4200000000           0.1606232830
    8.4300000000           0.1632550029
    8.4400000000           0.1659769749
    8.4500000000           0.1687642311
    8.4600000000           0.1715890765
    8.4700000000           0.1744220461
    8.4800000000           0.1772329306
    8.4900000000           0.1799917815
    8.5000000000           0.1826698133
    8.5100000000           0.1852401335
    8.5200000000           0.1876782562
    8.5300000000           0.1899623793
    8.5400000000           0.1920734272
    8.5500000000           0.1939948798
    8.5600000000           0.1957124149
    8.5700000000           0.1972134051
    8.5800000000           0.1984863174
    8.5900000000           0.1995200830
    8.6000000000           0.2003035216
    8.6100000000           0.2008249243
    8.6200000000           0.2010719022
    8.6300000000           0.2010315953
    8.6400000000           0.2006912960
    8.6500000000           0.2000394758
    8.6600000000           0.1990671290
    8.6700000000           0.1977692697
    8.6800000000           0.1961463657
    8.6900000000           0.1942054772
    8.7000000000           0.1919608967
    8.7100000000           0.1894341579
    8.7200000000           0.1866533770
    8.7300000000           0.1836519937
    8.7400000000           0.1804670584
    8.7500000000           0.1771372645
    8.7600000000           0.1737009387
    8.7700000000           0.1701941756
    8.7800000000           0.1666492668
    8.7900000000           0.1630935195
    8.8000000000           0.1595485137
    8.8100000000           0.1560298061
    8.8200000000           0.1525470613
    8.8300000000           0.1491045663
    8.8400000000           0.1457020699
    8.8500000000           0.1423358701
    8.8600000000           0.1390000579
    8.8700000000           0.1356878147
    8.8800000000           0.1323926489
    8.8900000000           0.1291094656
    8.9000000000           0.1258353756
    8.9100000000           0.1225701822
    8.9200000000           0.1193165238
    8.9300000000           0.1160796931
    8.9400000000           0.1128671927
    8.9500000000           0.1096881137
    8.9600000000           0.1065524331
    8.9700000000           0.1034703219
    8.9800000000           0.1004515368
    8.9900000000           0.0975049421
    9.0000000000           0.0946381812
    9.0100000000           0.0918574949
    9.0200000000           0.0891676647
    9.0300000000           0.0865720513
    9.0400000000           0.0840726954
    9.0500000000           0.0816704518
    9.0600000000           0.0793651351
    9.0700000000           0.0771556610
    9.0800000000           0.0750401776
    9.0900000000           0.0730161850
    9.1000000000           0.0710806458
    9.1100000000           0.0692300902
    9.1200000000           0.0674607180
    9.1300000000           0.0657684986
    9.1400000000           0.0641492666
    9.1500000000           0.0625988089
    9.1600000000           0.0611129411
    9.1700000000           0.0596875688
    9.1800000000           0.0583187343
    9.1900000000           0.0570026499
    9.2000000000           0.0557357237
    9.2100000000           0.0545145787
    9.2200000000           0.0533360730
    9.2300000000           0.0521973191
    9.2400000000           0.0510957039
    9.2500000000           0.0500289053
    9.2600000000           0.0489949035
    9.2700000000           0.0479919829
    9.2800000000           0.0470187229
    9.2900000000           0.0460739778
    9.3000000000           0.0451568460
    9.3100000000           0.0442666312
    9.3200000000           0.0434027972
    9.3300000000           0.0425649191
    9.3400000000           0.0417526333
    9.3500000000           0.0409655869
    9.3600000000           0.0402033912
    9.3700000000           0.0394655786
    9.3800000000           0.0387515674
    9.3900000000           0.0380606363
    9.4000000000           0.0373919104
    9.4100000000           0.0367443617
    9.4200000000           0.0361168246
    9.4300000000           0.0355080271
    9.4400000000           0.0349166354
    9.4500000000           0.0343413097
    9.4600000000           0.0337807659
    9.4700000000           0.0332338365
    9.4800000000           0.0326995253
    9.4900000000           0.0321770491
    9.5000000000           0.0316658632
    9.5100000000           0.0311656666
    9.5200000000           0.0306763889
    9.5300000000           0.0301981604
    9.5400000000           0.0297312685
    9.5500000000           0.0292761062
    9.5600000000           0.0288331168
    9.5700000000           0.0284027399
    9.5800000000           0.0279853619
    9.5900000000           0.0275812755
    9.6000000000           0.0271906479
    9.6100000000           0.0268135020
    9.6200000000           0.0264497074
    9.6300000000           0.0260989839
    9.6400000000           0.0257609136
    9.6500000000           0.0254349615
    9.6600000000           0.0251205014
    9.6700000000           0.0248168463
    9.6800000000           0.0245232795
    9.6900000000           0.0242390857
    9.7000000000           0.0239635806
    9.7100000000           0.0236961370
    9.7200000000           0.0234362080
    9.7300000000           0.0231833450
    9.7400000000           0.0229372117
    9.7500000000           0.0226975930
    9.7600000000           0.0224643985
    9.7700000000           0.0222376593
    9.7800000000           0.0220175203
    9.7900000000           0.0218042258
    9.8000000000           0.0215981011
    9.8100000000           0.0213995303
    9.8200000000           0.0212089332
    9.8300000000           0.0210267421
    9.8400000000           0.0208533807
    9.8500000000           0.0206892475
    9.8600000000           0.0205347033
    9.8700000000           0.0203900636
    9.8800000000           0.0202555966
    9.8900000000           0.0201315237
    9.9000000000           0.0200180241
    9.9100000000           0.0199152391
    9.9200000000           0.0198232769
    9.9300000000           0.0197422137
    9.9400000000           0.0196720926
    9.9500000000           0.0196129162
    9.9600000000           0.0195646351
    9.9700000000           0.0195271307
    9.9800000000           0.0195001934
    9.9900000000           0.0194834970
   10.0000000000           0.0194765714
   10.0100000000           0.0194787742
   10.0200000000           0.0194892641
   10.0300000000           0.0195069771
   10.0400000000           0.0195306095
   10.0500000000           0.0195586088
   10.0600000000           0.0195891769
   10.0700000000           0.0196202885
   10.0800000000           0.0196497270
   10.0900000000           0.0196751413
   10.1000000000           0.0196941234
   10.1100000000           0.0197043058
   10.1200000000           0.0197034738
   10.1300000000           0.0196896856
   10.1400000000           0.0196613902
   10.1500000000           0.0196175310
   10.1600000000           0.0195576236
   10.1700000000           0.0194817983
   10.1800000000           0.0193908017
   10.1900000000           0.0192859560
   10.2000000000           0.0191690823
   10.2100000000           0.0190423946
   10.2200000000           0.0189083778
   10.2300000000           0.0187696612
   10.2400000000           0.0186288984
   10.2500000000           0.0184886627
   10.2600000000           0.0183513624
   10.2700000000           0.0182191797
   10.2800000000           0.0180940299
   10.2900000000           0.0179775420
   10.3000000000           0.0178710533
   10.3100000000           0.0177756160
   10.3200000000           0.0176920097
   10.3300000000           0.0176207564
   10.3400000000           0.0175621350
   10.3500000000           0.0175161900
   10.3600000000           0.0174827371
   10.3700000000           0.0174613607
   10.3800000000           0.0174514083
   10.3900000000           0.0174519810
   10.4000000000           0.0174619244
   10.4100000000           0.0174798224
   10.4200000000           0.0175039995
   10.4300000000           0.0175325323
   10.4400000000           0.0175632755
   10.4500000000           0.0175939027
   10.4600000000           0.0176219629
   10.4700000000           0.0176449512
   10.4800000000           0.0176603901
   10.4900000000           0.0176659173
   10.5000000000           0.0176593747
   10.5100000000           0.0176388922
   10.5200000000           0.0176029604
   10.5300000000           0.0175504902
   10.5400000000           0.0174808524
   10.5500000000           0.0173938981
   10.5600000000           0.0172899581
   10.5700000000           0.0171698195
   10.5800000000           0.0170346847
   10.5900000000           0.0168861108
   10.6000000000           0.0167259374
   10.6100000000           0.0165562056
   10.6200000000           0.0163790757
   10.6300000000           0.0161967480
   10.6400000000           0.0160113928
   10.6500000000           0.0158250927
   10.6600000000           0.0156397978
   10.6700000000           0.0154572956
   10.6800000000           0.0152791920
   10.6900000000           0.0151069033
   10.7000000000           0.0149416547
   10.7100000000           0.0147844840
   10.7200000000           0.0146362478
   10.7300000000           0.0144976283
   10.7400000000           0.0143691408
   10.7500000000           0.0142511392
   10.7600000000           0.0141438225
   10.7700000000           0.0140472407
   10.7800000000           0.0139613005
   10.7900000000           0.0138857738
   10.8000000000           0.0138203072
   10.8100000000           0.0137644346
   10.8200000000           0.0137175924
   10.8300000000           0.0136791383
   10.8400000000           0.0136483712
   10.8500000000           0.0136245535
   10.8600000000           0.0136069319
   10.8700000000           0.0135947576
   10.8800000000           0.0135873016
   10.8900000000           0.0135838669
   10.9000000000           0.0135837942
   10.9100000000           0.0135864649
   10.9200000000           0.0135912993
   10.9300000000           0.0135977546
   10.9400000000           0.0136053233
   10.9500000000           0.0136135327
   10.9600000000           0.0136219489
   10.9700000000           0.0136301824
   10.9800000000           0.0136378969
   10.9900000000           0.0136448176
   11.0000000000           0.0136507398
   11.0100000000           0.0136555341
   11.0200000000           0.0136591495
   11.0300000000           0.0136616131
   11.0400000000           0.0136630273
   11.0500000000           0.0136635676
   11.0600000000           0.0136634795
   11.0700000000           0.0136630787
   11.0800000000           0.0136627515
   11.0900000000           0.0136629569
   11.1000000000           0.0136642267
   11.1100000000           0.0136671620
   11.1200000000           0.0136724231
   11.1300000000           0.0136807128
   11.1400000000           0.0136927507
   11.1500000000           0.0137092418
   11.1600000000           0.0137308398
   11.1700000000           0.0137581096
   11.1800000000           0.0137914909
   11.1900000000           0.0138312673
   11.2000000000           0.0138775423
   11.2100000000           0.0139302238
   11.2200000000           0.0139890192
   11.2300000000           0.0140534391
   11.2400000000           0.0141228119
   11.2500000000           0.0141963044
   11.2600000000           0.0142729506
   11.2700000000           0.0143516844
   11.2800000000           0.0144313755
   11.2900000000           0.0145108669
   11.3000000000           0.0145890120
   11.3100000000           0.0146647101
   11.3200000000           0.0147369394
   11.3300000000           0.0148047867
   11.3400000000           0.0148674724
   11.3500000000           0.0149243703
   11.3600000000           0.0149750225
   11.3700000000           0.0150191474
   11.3800000000           0.0150566425
   11.3900000000           0.0150875809
   11.4000000000           0.0151122014
   11.4100000000           0.0151308940
   11.4200000000           0.0151441792
   11.4300000000           0.0151526830
   11.4400000000           0.0151571091
   11.4500000000           0.0151582094
   11.4600000000           0.0151567556
   11.4700000000           0.0151535160
   11.4800000000           0.0151492380
   11.4900000000           0.0151446400
   11.5000000000           0.0151404124
   11.5100000000           0.0151372272
   11.5200000000           0.0151357530
   11.5300000000           0.0151366732
   11.5400000000           0.0151407025
   11.5500000000           0.0151485984
   11.5600000000           0.0151611649
   11.5700000000           0.0151792460
   11.5800000000           0.0152037098
   11.5900000000           0.0152354214
   11.6000000000           0.0152752085
   11.6100000000           0.0153238192
   11.6200000000           0.0153818763
   11.6300000000           0.0154498297
   11.6400000000           0.0155279113
   11.6500000000           0.0156160931
   11.6600000000           0.0157140540
   11.6700000000           0.0158211554
   11.6800000000           0.0159364290
   11.6900000000           0.0160585765
   11.7000000000           0.0161859827
   11.7100000000           0.0163167402
   11.7200000000           0.0164486849
   11.7300000000           0.0165794410
   11.7400000000           0.0167064721
   11.7500000000           0.0168271381
   11.7600000000           0.0169387549
   11.7700000000           0.0170386574
   11.7800000000           0.0171242647
   11.7900000000           0.0171931478
   11.8000000000           0.0172430991
   11.8100000000           0.0172722032
   11.8200000000           0.0172789052
   11.8300000000           0.0172620740
   11.8400000000           0.0172210546
   11.8500000000           0.0171557054
   11.8600000000           0.0170664148
   11.8700000000           0.0169540959
   11.8800000000           0.0168201567
   11.8900000000           0.0166664489
   11.9000000000           0.0164951967
   11.9100000000           0.0163089126
   11.9200000000           0.0161103029
   11.9300000000           0.0159021720
   11.9400000000           0.0156873279
   11.9500000000           0.0154684958
   11.9600000000           0.0152482435
   11.9700000000           0.0150289205
   11.9800000000           0.0148126127
   11.9900000000           0.0146011128
   12.0000000000           0.0143959053
   12.0100000000           0.0141981646
   12.0200000000           0.0140087630
   12.0300000000           0.0138282878
   12.0400000000           0.0136570630
   12.0500000000           0.0134951768
   12.0600000000           0.0133425094
   12.0700000000           0.0131987648
   12.0800000000           0.0130635021
   12.0900000000           0.0129361696
   12.1000000000           0.0128161389
   12.1100000000           0.0127027399
   12.1200000000           0.0125952956
   12.1300000000           0.0124931549
   12.1400000000           0.0123957214
   12.1500000000           0.0123024770
   12.1600000000           0.0122129983
   12.1700000000           0.0121269641
   12.1800000000           0.0120441559
   12.1900000000           0.0119644495
   12.2000000000           0.0118878014
   12.2100000000           0.0118142320
   12.2200000000           0.0117438066
   12.2300000000           0.0116766180
   12.2400000000           0.0116127712
   12.2500000000           0.0115523714
   12.2600000000           0.0114955151
   12.2700000000           0.0114422837
   12.2800000000           0.0113927393
   12.2900000000           0.0113469212
   12.3000000000           0.0113048434
   12.3100000000           0.0112664916
   12.3200000000           0.0112318218
   12.3300000000           0.0112007581
   12.3400000000           0.0111731929
   12.3500000000           0.0111489875
   12.3600000000           0.0111279746
   12.3700000000           0.0111099614
   12.3800000000           0.0110947343
   12.3900000000           0.0110820636
   12.4000000000           0.0110717095
   12.4100000000           0.0110634287
   12.4200000000           0.0110569806
   12.4300000000           0.0110521358
   12.4400000000           0.0110486820
   12.4500000000           0.0110464307
   12.4600000000           0.0110452209
   12.4700000000           0.0110449189
   12.4800000000           0.0110454149
   12.4900000000           0.0110466137
   12.5000000000           0.0110484220
   12.5100000000           0.0110507318
   12.5200000000           0.0110534015
   12.5300000000           0.0110562368
   12.5400000000           0.0110589735
   12.5500000000           0.0110612632
   12.5600000000           0.0110626654
   12.5700000000           0.0110626477
   12.5800000000           0.0110605953
   12.5900000000           0.0110558324
   12.6000000000           0.0110476556
   12.6100000000           0.0110353771
   12.6200000000           0.0110183763
   12.6300000000           0.0109961546
   12.6400000000           0.0109683877
   12.6500000000           0.0109349694
   12.6600000000           0.0108960413
   12.6700000000           0.0108520045
   12.6800000000           0.0108035107
   12.6900000000           0.0107514345
   12.7000000000           0.0106968291
   12.7100000000           0.0106408703
   12.7200000000           0.0105847946
   12.7300000000           0.0105298371
   12.7400000000           0.0104771733
   12.7500000000           0.0104278698
   12.7600000000           0.0103828449
   12.7700000000           0.0103428408
   12.7800000000           0.0103084078
   12.7900000000           0.0102798983
   12.8000000000           0.0102574700
   12.8100000000           0.0102410975
   12.8200000000           0.0102305881
   12.8300000000           0.0102256025
   12.8400000000           0.0102256781
   12.8500000000           0.0102302523
   12.8600000000           0.0102386878
   12.8700000000           0.0102502956
   12.8800000000           0.0102643574
   12.8900000000           0.0102801461
   12.9000000000           0.0102969430
   12.9100000000           0.0103140524
   12.9200000000           0.0103308123
   12.9300000000           0.0103466020
   12.9400000000           0.0103608465
   12.9500000000           0.0103730194
   12.9600000000           0.0103826454
   12.9700000000           0.0103893032
   12.9800000000           0.0103926306
   12.9900000000           0.0103923322
   13.0000000000           0.0103881882
   13.0100000000           0.0103800636
   13.0200000000           0.0103679156
   13.0300000000           0.0103517971
   13.0400000000           0.0103318542
   13.0500000000           0.0103083172
   13.0600000000           0.0102814836
   13.0700000000           0.0102516961
   13.0800000000           0.0102193150
   13.0900000000           0.0101846900
   13.1000000000           0.0101481317
   13.1100000000           0.0101098877
   13.1200000000           0.0100701233
   13.1300000000           0.0100289108
   13.1400000000           0.0099862265
   13.1500000000           0.0099419565
   13.1600000000           0.0098959107
   13.1700000000           0.0098478421
   13.1800000000           0.0097974725
   13.1900000000           0.0097445182
   13.2000000000           0.0096887171
   13.2100000000           0.0096298519
   13.2200000000           0.0095677685
   13.2300000000           0.0095023885
   13.2400000000           0.0094337136
   13.2500000000           0.0093618222
   13.2600000000           0.0092868598
   13.2700000000           0.0092090222
   13.2800000000           0.0091285366
   13.2900000000           0.0090456404
   13.3000000000           0.0089605622
   13.3100000000           0.0088735068
   13.3200000000           0.0087846462
   13.3300000000           0.0086941178
   13.3400000000           0.0086020296
   13.3500000000           0.0085084703
   13.3600000000           0.0084135238
   13.3700000000           0.0083172841
   13.3800000000           0.0082198686
   13.3900000000           0.0081214286
   13.4000000000           0.0080221544
   13.4100000000           0.0079222762
   13.4200000000           0.0078220607
   13.4300000000           0.0077218040
   13.4400000000           0.0076218226
   13.4500000000           0.0075224441
   13.4600000000           0.0074239969
   13.4700000000           0.0073268020
   13.4800000000           0.0072311654
   13.4900000000           0.0071373728
   13.5000000000           0.0070456847
   13.5100000000           0.0069563340
   13.5200000000           0.0068695240
   13.5300000000           0.0067854272
   13.5400000000           0.0067041840
   13.5500000000           0.0066259025
   13.5600000000           0.0065506575
   13.5700000000           0.0064784896
   13.5800000000           0.0064094048
   13.5900000000           0.0063433737
   13.6000000000           0.0062803319
   13.6100000000           0.0062201795
   13.6200000000           0.0061627827
   13.6300000000           0.0061079752
   13.6400000000           0.0060555602
   13.6500000000           0.0060053143
   13.6600000000           0.0059569918
   13.6700000000           0.0059103300
   13.6800000000           0.0058650558
   13.6900000000           0.0058208925
   13.7000000000           0.0057775675
   13.7100000000           0.0057348194
   13.7200000000           0.0056924043
   13.7300000000           0.0056501020
   13.7400000000           0.0056077191
   13.7500000000           0.0055650912
   13.7600000000           0.0055220829
   13.7700000000           0.0054785866
   13.7800000000           0.0054345200
   13.7900000000           0.0053898235
   13.8000000000           0.0053444591
   13.8100000000           0.0052984090
   13.8200000000           0.0052516768
   13.8300000000           0.0052042888
   13.8400000000           0.0051562962
   13.8500000000           0.0051077763
   13.8600000000           0.0050588336
   13.8700000000           0.0050095980
   13.8800000000           0.0049602222
   13.8900000000           0.0049108771
   13.9000000000           0.0048617462
   13.9100000000           0.0048130193
   13.9200000000           0.0047648863
   13.9300000000           0.0047175315
   13.9400000000           0.0046711291
   13.9500000000           0.0046258391
   13.9600000000           0.0045818051
   13.9700000000           0.0045391520
   13.9800000000           0.0044979856
   13.9900000000           0.0044583924
   14.0000000000           0.0044204398
   14.0100000000           0.0043841778
   14.0200000000           0.0043496395
   14.0300000000           0.0043168431
   14.0400000000           0.0042857939
   14.0500000000           0.0042564856
   14.0600000000           0.0042289025
   14.0700000000           0.0042030212
   14.0800000000           0.0041788122
   14.0900000000           0.0041562417
   14.1000000000           0.0041352732
   14.1100000000           0.0041158688
   14.1200000000           0.0040979905
   14.1300000000           0.0040816017
   14.1400000000           0.0040666677
   14.1500000000           0.0040531568
   14.1600000000           0.0040410398
   14.1700000000           0.0040302906
   14.1800000000           0.0040208852
   14.1900000000           0.0040128013
   14.2000000000           0.0040060170
   14.2100000000           0.0040005100
   14.2200000000           0.0039962564
   14.2300000000           0.0039932299
   14.2400000000           0.0039914010
   14.2500000000           0.0039907356
   14.2600000000           0.0039911948
   14.2700000000           0.0039927331
   14.2800000000           0.0039952976
   14.2900000000           0.0039988270
   14.3000000000           0.0040032508
   14.3100000000           0.0040084889
   14.3200000000           0.0040144526
   14.3300000000           0.0040210466
   14.3400000000           0.0040281729
   14.3500000000           0.0040357351
   14.3600000000           0.0040436457
   14.3700000000           0.0040518326
   14.3800000000           0.0040602464
   14.3900000000           0.0040688668
   14.4000000000           0.0040777072
   14.4100000000           0.0040868168
   14.4200000000           0.0040962802
   14.4300000000           0.0041062145
   14.4400000000           0.0041167633
   14.4500000000           0.0041280905
   14.4600000000           0.0041403722
   14.4700000000           0.0041537898
   14.4800000000           0.0041685235
   14.4900000000           0.0041847476
   14.5000000000           0.0042026271
   14.5100000000           0.0042223163
   14.5200000000           0.0042439583
   14.5300000000           0.0042676857
   14.5400000000           0.0042936213
   14.5500000000           0.0043218795
   14.5600000000           0.0043525666
   14.5700000000           0.0043857803
   14.5800000000           0.0044216096
   14.5900000000           0.0044601319
   14.6000000000           0.0045014113
   14.6100000000           0.0045454944
   14.6200000000           0.0045924073
   14.6300000000           0.0046421510
   14.6400000000           0.0046946975
   14.6500000000           0.0047499847
   14.6600000000           0.0048079117
   14.6700000000           0.0048683332
   14.6800000000           0.0049310538
   14.6900000000           0.0049958217
   14.7000000000           0.0050623220
   14.7100000000           0.0051301710
   14.7200000000           0.0051989119
   14.7300000000           0.0052680129
   14.7400000000           0.0053368688
   14.7500000000           0.0054048079
   14.7600000000           0.0054711044
   14.7700000000           0.0055349961
   14.7800000000           0.0055957089
   14.7900000000           0.0056524852
   14.8000000000           0.0057046159
   14.8100000000           0.0057514730
   14.8200000000           0.0057925418
   14.8300000000           0.0058274477
   14.8400000000           0.0058559785
   14.8500000000           0.0058780972
   14.8600000000           0.0058939458
   14.8700000000           0.0059038394
   14.8800000000           0.0059082503
   14.8900000000           0.0059077848
   14.9000000000           0.0059031531
   14.9100000000           0.0058951371
   14.9200000000           0.0058845556
   14.9300000000           0.0058722318
   14.9400000000           0.0058589625
   14.9500000000           0.0058454922
   14.9600000000           0.0058324906
   14.9700000000           0.0058205355
   14.9800000000           0.0058100992
   14.9900000000           0.0058015396
   15.0000000000           0.0057950952
   15.0100000000           0.0057908834
   15.0200000000           0.0057889015
   15.0300000000           0.0057890306
   15.0400000000           0.0057910421
   15.0500000000           0.0057946061
   15.0600000000           0.0057993020
   15.0700000000           0.0058046311
   15.0800000000           0.0058100320
   15.0900000000           0.0058148972
   15.1000000000           0.0058185931
   15.1100000000           0.0058204810
   15.1200000000           0.0058199384
   15.1300000000           0.0058163812
   15.1400000000           0.0058092836
   15.1500000000           0.0057981954
   15.1600000000           0.0057827556
   15.1700000000           0.0057627008
   15.1800000000           0.0057378688
   15.1900000000           0.0057081969
   15.2000000000           0.0056737147
   15.2100000000           0.0056345344
   15.2200000000           0.0055908380
   15.2300000000           0.0055428647
   15.2400000000           0.0054908987
   15.2500000000           0.0054352609
   15.2600000000           0.0053763017
   15.2700000000           0.0053143984
   15.2800000000           0.0052499534
   15.2900000000           0.0051833936
   15.3000000000           0.0051151686
   15.3100000000           0.0050457473
   15.3200000000           0.0049756109
   15.3300000000           0.0049052444
   15.3400000000           0.0048351243
   15.3500000000           0.0047657061
   15.3600000000           0.0046974104
   15.3700000000           0.0046306106
   15.3800000000           0.0045656221
   15.3900000000           0.0045026935
   15.4000000000           0.0044420018
   15.4100000000           0.0043836494
   15.4200000000           0.0043276656
   15.4300000000           0.0042740105
   15.4400000000           0.0042225815
   15.4500000000           0.0041732228
   15.4600000000           0.0041257368
   15.4700000000           0.0040798962
   15.4800000000           0.0040354573
   15.4900000000           0.0039921727
   15.5000000000           0.0039498027
   15.5100000000           0.0039081255
   15.5200000000           0.0038669443
   15.5300000000           0.0038260926
   15.5400000000           0.0037854363
   15.5500000000           0.0037448738
   15.5600000000           0.0037043335
   15.5700000000           0.0036637705
   15.5800000000           0.0036231617
   15.5900000000           0.0035825011
   15.6000000000           0.0035417953
   15.6100000000           0.0035010597
   15.6200000000           0.0034603155
   15.6300000000           0.0034195888
   15.6400000000           0.0033789092
   15.6500000000           0.0033383103
   15.6600000000           0.0032978299
   15.6700000000           0.0032575105
   15.6800000000           0.0032173995
   15.6900000000           0.0031775498
   15.7000000000           0.0031380191
   15.7100000000           0.0030988705
   15.7200000000           0.0030601713
   15.7300000000           0.0030219924
   15.7400000000           0.0029844068
   15.7500000000           0.0029474886
   15.7600000000           0.0029113102
   15.7700000000           0.0028759405
   15.7800000000           0.0028414428
   15.7900000000           0.0028078719
   15.8000000000           0.0027752733
   15.8100000000           0.0027436812
   15.8200000000           0.0027131182
   15.8300000000           0.0026835955
   15.8400000000           0.0026551132
   15.8500000000           0.0026276618
   15.8600000000           0.0026012234
   15.8700000000           0.0025757736
   15.8800000000           0.0025512828
   15.8900000000           0.0025277177
   15.9000000000           0.0025050425
   15.9100000000           0.0024832200
   15.9200000000           0.0024622115
   15.9300000000           0.0024419779
   15.9400000000           0.0024224793
   15.9500000000           0.0024036757
   15.9600000000           0.0023855272
   15.9700000000           0.0023679941
   15.9800000000           0.0023510378
   15.9900000000           0.0023346212
   16.0000000000           0.0023187093
   16.0100000000           0.0023032696
   16.0200000000           0.0022882724
   16.0300000000           0.0022736906
   16.0400000000           0.0022594999
   16.0500000000           0.0022456781
   16.0600000000           0.0022322044
   16.0700000000           0.0022190588
   16.0800000000           0.0022062221
   16.0900000000           0.0021936746
   16.1000000000           0.0021813969
   16.1100000000           0.0021693697
   16.1200000000           0.0021575741
   16.1300000000           0.0021459924
   16.1400000000           0.0021346084
   16.1500000000           0.0021234082
   16.1600000000           0.0021123805
   16.1700000000           0.0021015165
   16.1800000000           0.0020908100
   16.1900000000           0.0020802573
   16.2000000000           0.0020698566
   16.2100000000           0.0020596078
   16.2200000000           0.0020495119
   16.2300000000           0.0020395712
   16.2400000000           0.0020297884
   16.2500000000           0.0020201672
   16.2600000000           0.0020107118
   16.2700000000           0.0020014267
   16.2800000000           0.0019923170
   16.2900000000           0.0019833876
   16.3000000000           0.0019746435
   16.3100000000           0.0019660891
   16.3200000000           0.0019577286
   16.3300000000           0.0019495651
   16.3400000000           0.0019416009
   16.3500000000           0.0019338372
   16.3600000000           0.0019262742
   16.3700000000           0.0019189111
   16.3800000000           0.0019117463
   16.3900000000           0.0019047775
   16.4000000000           0.0018980022
   16.4100000000           0.0018914181
   16.4200000000           0.0018850234
   16.4300000000           0.0018788176
   16.4400000000           0.0018728015
   16.4500000000           0.0018669777
   16.4600000000           0.0018613512
   16.4700000000           0.0018559289
   16.4800000000           0.0018507201
   16.4900000000           0.0018457361
   16.5000000000           0.0018409902
   16.5100000000           0.0018364975
   16.5200000000           0.0018322741
   16.5300000000           0.0018283372
   16.5400000000           0.0018247042
   16.5500000000           0.0018213920
   16.5600000000           0.0018184162
   16.5700000000           0.0018157905
   16.5800000000           0.0018135252
   16.5900000000           0.0018116267
   16.6000000000           0.0018100969
   16.6100000000           0.0018089319
   16.6200000000           0.0018081219
   16.6300000000           0.0018076512
   16.6400000000           0.0018074975
   16.6500000000           0.0018076329
   16.6600000000           0.0018080238
   16.6700000000           0.0018086320
   16.6800000000           0.0018094154
   16.6900000000           0.0018103295
   16.7000000000           0.0018113283
   16.7100000000           0.0018123660
   16.7200000000           0.0018133984
   16.7300000000           0.0018143843
   16.7400000000           0.0018152866
   16.7500000000           0.0018160739
   16.7600000000           0.0018167209
   16.7700000000           0.0018172091
   16.7800000000           0.0018175273
   16.7900000000           0.0018176709
   16.8000000000           0.0018176420
   16.8100000000           0.0018174483
   16.8200000000           0.0018171016
   16.8300000000           0.0018166168
   16.8400000000           0.0018160094
   16.8500000000           0.0018152937
   16.8600000000           0.0018144807
   16.8700000000           0.0018135757
   16.8800000000           0.0018125763
   16.8900000000           0.0018114711
   16.9000000000           0.0018102386
   16.9100000000           0.0018088477
   16.9200000000           0.0018072577
   16.9300000000           0.0018054210
   16.9400000000           0.0018032849
   16.9500000000           0.0018007956
   16.9600000000           0.0017979012
   16.9700000000           0.0017945562
   16.9800000000           0.0017907241
   16.9900000000           0.0017863814
   17.0000000000           0.0017815186
   17.0100000000           0.0017761421
   17.0200000000           0.0017702738
   17.0300000000           0.0017639505
   17.0400000000           0.0017572219
   17.0500000000           0.0017501483
   17.0600000000           0.0017427981
   17.0700000000           0.0017352444
   17.0800000000           0.0017275625
   17.0900000000           0.0017198272
   17.1000000000           0.0017121103
   17.1100000000           0.0017044793
   17.1200000000           0.0016969956
   17.1300000000           0.0016897140
   17.1400000000           0.0016826824
   17.1500000000           0.0016759414
   17.1600000000           0.0016695250
   17.1700000000           0.0016634604
   17.1800000000           0.0016577687
   17.1900000000           0.0016524656
   17.2000000000           0.0016475611
   17.2100000000           0.0016430606
   17.2200000000           0.0016389649
   17.2300000000           0.0016352703
   17.2400000000           0.0016319696
   17.2500000000           0.0016290516
   17.2600000000           0.0016265019
   17.2700000000           0.0016243028
   17.2800000000           0.0016224335
   17.2900000000           0.0016208703
   17.3000000000           0.0016195867
   17.3100000000           0.0016185532
   17.3200000000           0.0016177377
   17.3300000000           0.0016171059
   17.3400000000           0.0016166217
   17.3500000000           0.0016162478
   17.3600000000           0.0016159472
   17.3700000000           0.0016156840
   17.3800000000           0.0016154248
   17.3900000000           0.0016151403
   17.4000000000           0.0016148057
   17.4100000000           0.0016144020
   17.4200000000           0.0016139163
   17.4300000000           0.0016133416
   17.4400000000           0.0016126766
   17.4500000000           0.0016119248
   17.4600000000           0.0016110936
   17.4700000000           0.0016101931
   17.4800000000           0.0016092351
   17.4900000000           0.0016082320
   17.5000000000           0.0016071959
   17.5100000000           0.0016061382
   17.5200000000           0.0016050690
   17.5300000000           0.0016039972
   17.5400000000           0.0016029304
   17.5500000000           0.0016018753
   17.5600000000           0.0016008381
   17.5700000000           0.0015998247
   17.5800000000           0.0015988408
   17.5900000000           0.0015978923
   17.6000000000           0.0015969849
   17.6100000000           0.0015961238
   17.6200000000           0.0015953134
   17.6300000000           0.0015945568
   17.6400000000           0.0015938558
   17.6500000000           0.0015932107
   17.6600000000           0.0015926210
   17.6700000000           0.0015920857
   17.6800000000           0.0015916045
   17.6900000000           0.0015911788
   17.7000000000           0.0015908125
   17.7100000000           0.0015905127
   17.7200000000           0.0015902896
   17.7300000000           0.0015901564
   17.7400000000           0.0015901282
   17.7500000000           0.0015902211
   17.7600000000           0.0015904508
   17.7700000000           0.0015908314
   17.7800000000           0.0015913744
   17.7900000000           0.0015920885
   17.8000000000           0.0015929790
   17.8100000000           0.0015940484
   17.8200000000           0.0015952971
   17.8300000000           0.0015967241
   17.8400000000           0.0015983279
   17.8500000000           0.0016001073
   17.8600000000           0.0016020620
   17.8700000000           0.0016041929
   17.8800000000           0.0016065024
   17.8900000000           0.0016089940
   17.9000000000           0.0016116716
   17.9100000000           0.0016145387
   17.9200000000           0.0016175973
   17.9300000000           0.0016208463
   17.9400000000           0.0016242803
   17.9500000000           0.0016278882
   17.9600000000           0.0016316521
   17.9700000000           0.0016355471
   17.9800000000           0.0016395411
   17.9900000000           0.0016435963
   18.0000000000           0.0016476704
   18.0100000000           0.0016517189
   18.0200000000           0.0016556978
   18.0300000000           0.0016595664
   18.0400000000           0.0016632890
   18.0500000000           0.0016668373
   18.0600000000           0.0016701906
   18.0700000000           0.0016733358
   18.0800000000           0.0016762661
   18.0900000000           0.0016789786
   18.1000000000           0.0016814715
   18.1100000000           0.0016837405
   18.1200000000           0.0016857757
   18.1300000000           0.0016875574
   18.1400000000           0.0016890540
   18.1500000000           0.0016902193
   18.1600000000           0.0016909914
   18.1700000000           0.0016912929
   18.1800000000           0.0016910328
   18.1900000000           0.0016901090
   18.2000000000           0.0016884134
   18.2100000000           0.0016858377
   18.2200000000           0.0016822804
   18.2300000000           0.0016776536
   18.2400000000           0.0016718905
   18.2500000000           0.0016649507
   18.2600000000           0.0016568252
   18.2700000000           0.0016475384
   18.2800000000           0.0016371480
   18.2900000000           0.0016257429
   18.3000000000           0.0016134383
   18.3100000000           0.0016003701
   18.3200000000           0.0015866879
   18.3300000000           0.0015725473
   18.3400000000           0.0015581037
   18.3500000000           0.0015435057
   18.3600000000           0.0015288903
   18.3700000000           0.0015143796
   18.3800000000           0.0015000783
   18.3900000000           0.0014860729
   18.4000000000           0.0014724315
   18.4100000000           0.0014592053
   18.4200000000           0.0014464292
   18.4300000000           0.0014341246
   18.4400000000           0.0014223004
   18.4500000000           0.0014109557
   18.4600000000           0.0014000811
   18.4700000000           0.0013896609
   18.4800000000           0.0013796743
   18.4900000000           0.0013700965
   18.5000000000           0.0013609005
   18.5100000000           0.0013520571
   18.5200000000           0.0013435366
   18.5300000000           0.0013353090
   18.5400000000           0.0013273447
   18.5500000000           0.0013196154
   18.5600000000           0.0013120941
   18.5700000000           0.0013047557
   18.5800000000           0.0012975775
   18.5900000000           0.0012905386
   18.6000000000           0.0012836205
   18.6100000000           0.0012768064
   18.6200000000           0.0012700812
   18.6300000000           0.0012634307
   18.6400000000           0.0012568415
   18.6500000000           0.0012503004
   18.6600000000           0.0012437945
   18.6700000000           0.0012373109
   18.6800000000           0.0012308371
   18.6900000000           0.0012243616
   18.7000000000           0.0012178738
   18.7100000000           0.0012113654
   18.7200000000           0.0012048302
   18.7300000000           0.0011982654
   18.7400000000           0.0011916710
   18.7500000000           0.0011850508
   18.7600000000           0.0011784116
   18.7700000000           0.0011717632
   18.7800000000           0.0011651179
   18.7900000000           0.0011584898
   18.8000000000           0.0011518942
   18.8100000000           0.0011453468
   18.8200000000           0.0011388631
   18.8300000000           0.0011324580
   18.8400000000           0.0011261448
   18.8500000000           0.0011199352
   18.8600000000           0.0011138387
   18.8700000000           0.0011078629
   18.8800000000           0.0011020131
   18.8900000000           0.0010962926
   18.9000000000           0.0010907028
   18.9100000000           0.0010852436
   18.9200000000           0.0010799134
   18.9300000000           0.0010747100
   18.9400000000           0.0010696302
   18.9500000000           0.0010646705
   18.9600000000           0.0010598272
   18.9700000000           0.0010550968
   18.9800000000           0.0010504755
   18.9900000000           0.0010459601
   19.0000000000           0.0010415473
   19.0100000000           0.0010372341
   19.0200000000           0.0010330176
   19.0300000000           0.0010288952
   19.0400000000           0.0010248643
   19.0500000000           0.0010209225
   19.0600000000           0.0010170675
   19.0700000000           0.0010132970
   19.0800000000           0.0010096091
   19.0900000000           0.0010060019
   19.1000000000           0.0010024736
   19.1100000000           0.0009990226
   19.1200000000           0.0009956472
   19.1300000000           0.0009923462
   19.1400000000           0.0009891179
   19.1500000000           0.0009859611
   19.1600000000           0.0009828742
   19.1700000000           0.0009798557
   19.1800000000           0.0009769042
   19.1900000000           0.0009740180
   19.2000000000           0.0009711954
   19.2100000000           0.0009684348
   19.2200000000           0.0009657344
   19.2300000000           0.0009630926
   19.2400000000           0.0009605074
   19.2500000000           0.0009579773
   19.2600000000           0.0009555002
   19.2700000000           0.0009530743
   19.2800000000           0.0009506975
   19.2900000000           0.0009483676
   19.3000000000           0.0009460824
   19.3100000000           0.0009438392
   19.3200000000           0.0009416355
   19.3300000000           0.0009394686
   19.3400000000           0.0009373356
   19.3500000000           0.0009352340
   19.3600000000           0.0009331611
   19.3700000000           0.0009311143
   19.3800000000           0.0009290917
   19.3900000000           0.0009270911
   19.4000000000           0.0009251110
   19.4100000000           0.0009231500
   19.4200000000           0.0009212071
   19.4300000000           0.0009192814
   19.4400000000           0.0009173722
   19.4500000000           0.0009154787
   19.4600000000           0.0009136003
   19.4700000000           0.0009117365
   19.4800000000           0.0009098864
   19.4900000000           0.0009080494
   19.5000000000           0.0009062246
   19.5100000000           0.0009044113
   19.5200000000           0.0009026085
   19.5300000000           0.0009008154
   19.5400000000           0.0008990313
   19.5500000000           0.0008972554
   19.5600000000           0.0008954872
   19.5700000000           0.0008937261
   19.5800000000           0.0008919716
   19.5900000000           0.0008902236
   19.6000000000           0.0008884817
   19.6100000000           0.0008867459
   19.6200000000           0.0008850160
   19.6300000000           0.0008832923
   19.6400000000           0.0008815747
   19.6500000000           0.0008798634
   19.6600000000           0.0008781585
   19.6700000000           0.0008764603
   19.6800000000           0.0008747690
   19.6900000000           0.0008730847
   19.7000000000           0.0008714076
   19.7100000000           0.0008697381
   19.7200000000           0.0008680765
   19.7300000000           0.0008664230
   19.7400000000           0.0008647780
   19.7500000000           0.0008631422
   19.7600000000           0.0008615160
   19.7700000000           0.0008599002
   19.7800000000           0.0008582953
   19.7900000000           0.0008567022
   19.8000000000           0.0008551216
   19.8100000000           0.0008535540
   19.8200000000           0.0008520001
   19.8300000000           0.0008504603
   19.8400000000           0.0008489348
   19.8500000000           0.0008474237
   19.8600000000           0.0008459270
   19.8700000000           0.0008444442
   19.8800000000           0.0008429749
   19.8900000000           0.0008415181
   19.9000000000           0.0008400729
   19.9100000000           0.0008386382
   19.9200000000           0.0008372123
   19.9300000000           0.0008357939
   19.9400000000           0.0008343811
   19.9500000000           0.0008329721
   19.9600000000           0.0008315649
   19.9700000000           0.0008301575
   19.9800000000           0.0008287479
   19.9900000000           0.0008273344
   20.0000000000           0.0008259151
