# Energy loss (eV)	Intensity (arb. units)
   -1.0000000000           0.0319999161
   -0.9900000000           0.0325602102
   -0.9800000000           0.0331364087
   -0.9700000000           0.0337291217
   -0.9600000000           0.0343389885
   -0.9500000000           0.0349666796
   -0.9400000000           0.0356128978
   -0.9300000000           0.0362783807
   -0.9200000000           0.0369639023
   -0.9100000000           0.0376702754
   -0.9000000000           0.0383983539
   -0.8900000000           0.0391490350
   -0.8800000000           0.0399232624
   -0.8700000000           0.0407220283
   -0.8600000000           0.0415463771
   -0.8500000000           0.0423974085
   -0.8400000000           0.0432762806
   -0.8300000000           0.0441842139
   -0.8200000000           0.0451224954
   -0.8100000000           0.0460924824
   -0.8000000000           0.0470956076
   -0.7900000000           0.0481333835
   -0.7800000000           0.0492074082
   -0.7700000000           0.0503193706
   -0.7600000000           0.0514710569
   -0.7500000000           0.0526643569
   -0.7400000000           0.0539012710
   -0.7300000000           0.0551839183
   -0.7200000000           0.0565145441
   -0.7100000000           0.0578955295
   -0.7000000000           0.0593294002
   -0.6900000000           0.0608188376
   -0.6800000000           0.0623666891
   -0.6700000000           0.0639759807
   -0.6600000000           0.0656499299
   -0.6500000000           0.0673919593
   -0.6400000000           0.0692057124
   -0.6300000000           0.0710950696
   -0.6200000000           0.0730641659
   -0.6100000000           0.0751174104
   -0.6000000000           0.0772595067
   -0.5900000000           0.0794954756
   -0.5800000000           0.0818306796
   -0.5700000000           0.0842708486
   -0.5600000000           0.0868221090
   -0.5500000000           0.0894910140
   -0.5400000000           0.0922845771
   -0.5300000000           0.0952103078
   -0.5200000000           0.0982762506
   -0.5100000000           0.1014910264
   -0.5000000000           0.1048638780
   -0.4900000000           0.1084047178
   -0.4800000000           0.1121241799
   -0.4700000000           0.1160336755
   -0.4600000000           0.1201454522
   -0.4500000000           0.1244726564
   -0.4400000000           0.1290294003
   -0.4300000000           0.1338308313
   -0.4200000000           0.1388932049
   -0.4100000000           0.1442339608
   -0.4000000000           0.1498717995
   -0.3900000000           0.1558267604
   -0.3800000000           0.1621202981
   -0.3700000000           0.1687753569
   -0.3600000000           0.1758164372
   -0.3500000000           0.1832696540
   -0.3400000000           0.1911627798
   -0.3300000000           0.1995252669
   -0.3200000000           0.2083882405
   -0.3100000000           0.2177844535
   -0.3000000000           0.2277481895
   -0.2900000000           0.2383150992
   -0.2800000000           0.2495219500
   -0.2700000000           0.2614062671
   -0.2600000000           0.2740058364
   -0.2500000000           0.2873580377
   -0.2400000000           0.3014989688
   -0.2300000000           0.3164623159
   -0.2200000000           0.3322779243
   -0.2100000000           0.3489700149
   -0.2000000000           0.3665549975
   -0.1900000000           0.3850388329
   -0.1800000000           0.4044139100
   -0.1700000000           0.4246554257
   -0.1600000000           0.4457172939
   -0.1500000000           0.4675276606
   -0.1400000000           0.4899841825
   -0.1300000000           0.5129493190
   -0.1200000000           0.5362460082
   -0.1100000000           0.5596542236
   -0.1000000000           0.5829090349
   -0.0900000000           0.6057008890
   -0.0800000000           0.6276788554
   -0.0700000000           0.6484575048
   -0.0600000000           0.6676278641
   -0.0500000000           0.6847725094
   -0.0400000000           0.6994843145
   -0.0300000000           0.7113877457
   -0.0200000000           0.7201609734
   -0.0100000000           0.7255566120
    0.0000000000           0.7274187439
    0.0100000000           0.7256941190
    0.0200000000           0.7204360637
    0.0300000000           0.7118005720
    0.0400000000           0.7000351065
    0.0500000000           0.6854615740
    0.0600000000           0.6684555862
    0.0700000000           0.6494243481
    0.0800000000           0.6287853638
    0.0900000000           0.6069476874
    0.1000000000           0.5842968310
    0.1100000000           0.5611838091
    0.1200000000           0.5379182610
    0.1300000000           0.5147652052
    0.1400000000           0.4919447586
    0.1500000000           0.4696340761
    0.1600000000           0.4479707940
    0.1700000000           0.4270573544
    0.1800000000           0.4069657132
    0.1900000000           0.3877420624
    0.2000000000           0.3694113146
    0.2100000000           0.3519811947
    0.2200000000           0.3354458603
    0.2300000000           0.3197890251
    0.2400000000           0.3049865969
    0.2500000000           0.2910088651
    0.2600000000           0.2778222841
    0.2700000000           0.2653909039
    0.2800000000           0.2536774996
    0.2900000000           0.2426444480
    0.3000000000           0.2322543950
    0.3100000000           0.2224707536
    0.3200000000           0.2132580634
    0.3300000000           0.2045822415
    0.3400000000           0.1964107472
    0.3500000000           0.1887126797
    0.3600000000           0.1814588246
    0.3700000000           0.1746216613
    0.3800000000           0.1681753425
    0.3900000000           0.1620956514
    0.4000000000           0.1563599460
    0.4100000000           0.1509470926
    0.4200000000           0.1458373937
    0.4300000000           0.1410125128
    0.4400000000           0.1364553986
    0.4500000000           0.1321502093
    0.4600000000           0.1280822390
    0.4700000000           0.1242378469
    0.4800000000           0.1206043895
    0.4900000000           0.1171701565
    0.5000000000           0.1139243099
    0.5100000000           0.1108568276
    0.5200000000           0.1079584501
    0.5300000000           0.1052206311
    0.5400000000           0.1026354915
    0.5500000000           0.1001957762
    0.5600000000           0.0978948145
    0.5700000000           0.0957264826
    0.5800000000           0.0936851682
    0.5900000000           0.0917657376
    0.6000000000           0.0899635034
    0.6100000000           0.0882741933
    0.6200000000           0.0866939195
    0.6300000000           0.0852191467
    0.6400000000           0.0838466598
    0.6500000000           0.0825735284
    0.6600000000           0.0813970687
    0.6700000000           0.0803147999
    0.6800000000           0.0793243958
    0.6900000000           0.0784236276
    0.7000000000           0.0776102991
    0.7100000000           0.0768821699
    0.7200000000           0.0762368679
    0.7300000000           0.0756717881
    0.7400000000           0.0751839786
    0.7500000000           0.0747700141
    0.7600000000           0.0744258594
    0.7700000000           0.0741467278
    0.7800000000           0.0739269411
    0.7900000000           0.0737598036
    0.8000000000           0.0736375026
    0.8100000000           0.0735510546
    0.8200000000           0.0734903174
    0.8300000000           0.0734440889
    0.8400000000           0.0734003103
    0.8500000000           0.0733463860
    0.8600000000           0.0732696199
    0.8700000000           0.0731577518
    0.8800000000           0.0729995620
    0.8900000000           0.0727854931
    0.9000000000           0.0725082260
    0.9100000000           0.0721631461
    0.9200000000           0.0717486398
    0.9300000000           0.0712661844
    0.9400000000           0.0707202183
    0.9500000000           0.0701178088
    0.9600000000           0.0694681614
    0.9700000000           0.0687820295
    0.9800000000           0.0680710914
    0.9900000000           0.0673473542
    1.0000000000           0.0666226332
    1.0100000000           0.0659081358
    1.0200000000           0.0652141625
    1.0300000000           0.0645499231
    1.0400000000           0.0639234542
    1.0500000000           0.0633416207
    1.0600000000           0.0628101775
    1.0700000000           0.0623338750
    1.0800000000           0.0619165875
    1.0900000000           0.0615614534
    1.1000000000           0.0612710157
    1.1100000000           0.0610473552
    1.1200000000           0.0608922141
    1.1300000000           0.0608071060
    1.1400000000           0.0607934124
    1.1500000000           0.0608524658
    1.1600000000           0.0609856208
    1.1700000000           0.0611943130
    1.1800000000           0.0614801092
    1.1900000000           0.0618447474
    1.2000000000           0.0622901701
    1.2100000000           0.0628185500
    1.2200000000           0.0634323090
    1.2300000000           0.0641341314
    1.2400000000           0.0649269698
    1.2500000000           0.0658140439
    1.2600000000           0.0667988320
    1.2700000000           0.0678850511
    1.2800000000           0.0690766270
    1.2900000000           0.0703776494
    1.3000000000           0.0717923096
    1.3100000000           0.0733248181
    1.3200000000           0.0749792956
    1.3300000000           0.0767596349
    1.3400000000           0.0786693268
    1.3500000000           0.0807112456
    1.3600000000           0.0828873880
    1.3700000000           0.0851985627
    1.3800000000           0.0876440269
    1.3900000000           0.0902210716
    1.4000000000           0.0929245609
    1.4100000000           0.0957464368
    1.4200000000           0.0986752100
    1.4300000000           0.1016954669
    1.4400000000           0.1047874346
    1.4500000000           0.1079266536
    1.4600000000           0.1110838224
    1.4700000000           0.1142248743
    1.4800000000           0.1173113498
    1.4900000000           0.1203011109
    1.5000000000           0.1231494205
    1.5100000000           0.1258103765
    1.5200000000           0.1282386499
    1.5300000000           0.1303914346
    1.5400000000           0.1322304840
    1.5500000000           0.1337240840
    1.5600000000           0.1348488068
    1.5700000000           0.1355909005
    1.5800000000           0.1359471925
    1.5900000000           0.1359254247
    1.6000000000           0.1355439842
    1.6100000000           0.1348310481
    1.6200000000           0.1338232113
    1.6300000000           0.1325637169
    1.6400000000           0.1311004424
    1.6500000000           0.1294838129
    1.6600000000           0.1277648024
    1.6700000000           0.1259931634
    1.6800000000           0.1242159795
    1.6900000000           0.1224765911
    1.7000000000           0.1208138984
    1.7100000000           0.1192620103
    1.7200000000           0.1178501823
    1.7300000000           0.1166029758
    1.7400000000           0.1155405664
    1.7500000000           0.1146791391
    1.7600000000           0.1140313136
    1.7700000000           0.1136065565
    1.7800000000           0.1134115514
    1.7900000000           0.1134505037
    1.8000000000           0.1137253702
    1.8100000000           0.1142360080
    1.8200000000           0.1149802424
    1.8300000000           0.1159538592
    1.8400000000           0.1171505256
    1.8500000000           0.1185616477
    1.8600000000           0.1201761708
    1.8700000000           0.1219803297
    1.8800000000           0.1239573566
    1.8900000000           0.1260871559
    1.9000000000           0.1283459636
    1.9100000000           0.1307060144
    1.9200000000           0.1331352586
    1.9300000000           0.1355971819
    1.9400000000           0.1380507980
    1.9500000000           0.1404508914
    1.9600000000           0.1427485842
    1.9700000000           0.1448922801
    1.9800000000           0.1468290084
    1.9900000000           0.1485061378
    2.0000000000           0.1498733811
    2.0100000000           0.1508849614
    2.0200000000           0.1515017742
    2.0300000000           0.1516933663
    2.0400000000           0.1514395577
    2.0500000000           0.1507315622
    2.0600000000           0.1495725026
    2.0700000000           0.1479772693
    2.0800000000           0.1459717278
    2.0900000000           0.1435913368
    2.1000000000           0.1408792889
    2.1100000000           0.1378843304
    2.1200000000           0.1346584377
    2.1300000000           0.1312545323
    2.1400000000           0.1277243990
    2.1500000000           0.1241169310
    2.1600000000           0.1204767827
    2.1700000000           0.1168434557
    2.1800000000           0.1132508033
    2.1900000000           0.1097269031
    2.2000000000           0.1062942274
    2.2100000000           0.1029700341
    2.2200000000           0.0997668992
    2.2300000000           0.0966933245
    2.2400000000           0.0937543624
    2.2500000000           0.0909522187
    2.2600000000           0.0882868028
    2.2700000000           0.0857562145
    2.2800000000           0.0833571612
    2.2900000000           0.0810853116
    2.3000000000           0.0789355949
    2.3100000000           0.0769024556
    2.3200000000           0.0749800740
    2.3300000000           0.0731625583
    2.3400000000           0.0714441113
    2.3500000000           0.0698191707
    2.3600000000           0.0682825192
    2.3700000000           0.0668293630
    2.3800000000           0.0654553743
    2.3900000000           0.0641567004
    2.4000000000           0.0629299421
    2.4100000000           0.0617721082
    2.4200000000           0.0606805554
    2.4300000000           0.0596529208
    2.4400000000           0.0586870556
    2.4500000000           0.0577809663
    2.4600000000           0.0569327658
    2.4700000000           0.0561406378
    2.4800000000           0.0554028122
    2.4900000000           0.0547175516
    2.5000000000           0.0540831462
    2.5100000000           0.0534979146
    2.5200000000           0.0529602088
    2.5300000000           0.0524684212
    2.5400000000           0.0520209919
    2.5500000000           0.0516164163
    2.5600000000           0.0512532505
    2.5700000000           0.0509301165
    2.5800000000           0.0506457042
    2.5900000000           0.0503987730
    2.6000000000           0.0501881510
    2.6100000000           0.0500127331
    2.6200000000           0.0498714781
    2.6300000000           0.0497634048
    2.6400000000           0.0496875883
    2.6500000000           0.0496431557
    2.6600000000           0.0496292834
    2.6700000000           0.0496451948
    2.6800000000           0.0496901592
    2.6900000000           0.0497634935
    2.7000000000           0.0498645636
    2.7100000000           0.0499927887
    2.7200000000           0.0501476438
    2.7300000000           0.0503286625
    2.7400000000           0.0505354358
    2.7500000000           0.0507676070
    2.7600000000           0.0510248596
    2.7700000000           0.0513068985
    2.7800000000           0.0516134240
    2.7900000000           0.0519440979
    2.8000000000           0.0522985056
    2.8100000000           0.0526761161
    2.8200000000           0.0530762426
    2.8300000000           0.0534980090
    2.8400000000           0.0539403274
    2.8500000000           0.0544018887
    2.8600000000           0.0548811729
    2.8700000000           0.0553764814
    2.8800000000           0.0558859932
    2.8900000000           0.0564078439
    2.9000000000           0.0569402266
    2.9100000000           0.0574815068
    2.9200000000           0.0580303427
    2.9300000000           0.0585858021
    2.9400000000           0.0591474606
    2.9500000000           0.0597154736
    2.9600000000           0.0602906113
    2.9700000000           0.0608742543
    2.9800000000           0.0614683494
    2.9900000000           0.0620753318
    3.0000000000           0.0626980223
    3.0100000000           0.0633395124
    3.0200000000           0.0640030473
    3.0300000000           0.0646919184
    3.0400000000           0.0654093722
    3.0500000000           0.0661585413
    3.0600000000           0.0669423974
    3.0700000000           0.0677637275
    3.0800000000           0.0686251304
    3.0900000000           0.0695290283
    3.1000000000           0.0704776931
    3.1100000000           0.0714732810
    3.1200000000           0.0725178733
    3.1300000000           0.0736135202
    3.1400000000           0.0747622848
    3.1500000000           0.0759662855
    3.1600000000           0.0772277340
    3.1700000000           0.0785489684
    3.1800000000           0.0799324806
    3.1900000000           0.0813809367
    3.2000000000           0.0828971934
    3.2100000000           0.0844843087
    3.2200000000           0.0861455507
    3.2300000000           0.0878844051
    3.2400000000           0.0897045831
    3.2500000000           0.0916100312
    3.2600000000           0.0936049433
    3.2700000000           0.0956937771
    3.2800000000           0.0978812723
    3.2900000000           0.1001724732
    3.3000000000           0.1025727530
    3.3100000000           0.1050878395
    3.3200000000           0.1077238414
    3.3300000000           0.1104872734
    3.3400000000           0.1133850791
    3.3500000000           0.1164246504
    3.3600000000           0.1196138422
    3.3700000000           0.1229609820
    3.3800000000           0.1264748720
    3.3900000000           0.1301647863
    3.4000000000           0.1340404582
    3.4100000000           0.1381120611
    3.4200000000           0.1423901790
    3.4300000000           0.1468857675
    3.4400000000           0.1516101034
    3.4500000000           0.1565747238
    3.4600000000           0.1617913532
    3.4700000000           0.1672718207
    3.4800000000           0.1730279709
    3.4900000000           0.1790715722
    3.5000000000           0.1854142332
    3.5100000000           0.1920673363
    3.5200000000           0.1990420071
    3.5300000000           0.2063491369
    3.5400000000           0.2139994786
    3.5500000000           0.2220038371
    3.5600000000           0.2303733659
    3.5700000000           0.2391199729
    3.5800000000           0.2482568211
    3.5900000000           0.2577988880
    3.6000000000           0.2677635251
    3.6100000000           0.2781709420
    3.6200000000           0.2890445263
    3.6300000000           0.3004109148
    3.6400000000           0.3122997483
    3.6500000000           0.3247430707
    3.6600000000           0.3377743716
    3.6700000000           0.3514273072
    3.6800000000           0.3657341648
    3.6900000000           0.3807241580
    3.7000000000           0.3964216390
    3.7100000000           0.4128443117
    3.7200000000           0.4300015077
    3.7300000000           0.4478925584
    3.7400000000           0.4665052645
    3.7500000000           0.4858144236
    3.7600000000           0.5057803361
    3.7700000000           0.5263471768
    3.7800000000           0.5474410996
    3.7900000000           0.5689679597
    3.8000000000           0.5908105959
    3.8100000000           0.6128257332
    3.8200000000           0.6348407363
    3.8300000000           0.6566506508
    3.8400000000           0.6780161785
    3.8500000000           0.6986633943
    3.8600000000           0.7182860773
    3.8700000000           0.7365514410
    3.8800000000           0.7531097777
    3.8900000000           0.7676080818
    3.9000000000           0.7797071143
    3.9100000000           0.7891007130
    3.9200000000           0.7955355585
    3.9300000000           0.7988292243
    3.9400000000           0.7988842957
    3.9500000000           0.7956966969
    3.9600000000           0.7893570871
    3.9700000000           0.7800451425
    3.9800000000           0.7680175241
    3.9900000000           0.7535911462
    4.0000000000           0.7371238315
    4.0100000000           0.7189945269
    4.0200000000           0.6995849749
    4.0300000000           0.6792642264
    4.0400000000           0.6583767632
    4.0500000000           0.6372344213
    4.0600000000           0.6161118450
    4.0700000000           0.5952449098
    4.0800000000           0.5748314153
    4.0900000000           0.5550333454
    4.1000000000           0.5359800740
    4.1100000000           0.5177720161
    4.1200000000           0.5004843579
    4.1300000000           0.4841706176
    4.1400000000           0.4688658847
    4.1500000000           0.4545896575
    4.1600000000           0.4413482449
    4.1700000000           0.4291367305
    4.1800000000           0.4179405142
    4.1900000000           0.4077364606
    4.2000000000           0.3984936854
    4.2100000000           0.3901740233
    4.2200000000           0.3827322247
    4.2300000000           0.3761159390
    4.2400000000           0.3702655583
    4.2500000000           0.3651140058
    4.2600000000           0.3605865745
    4.2700000000           0.3566009315
    4.2800000000           0.3530674157
    4.2900000000           0.3498897522
    4.3000000000           0.3469662951
    4.3100000000           0.3441918753
    4.3200000000           0.3414602789
    4.3300000000           0.3386673152
    4.3400000000           0.3357143448
    4.3500000000           0.3325120590
    4.3600000000           0.3289842197
    4.3700000000           0.3250710216
    4.3800000000           0.3207317261
    4.3900000000           0.3159462612
    4.4000000000           0.3107155764
    4.4100000000           0.3050606802
    4.4200000000           0.2990204479
    4.4300000000           0.2926484313
    4.4400000000           0.2860090140
    4.4500000000           0.2791733013
    4.4600000000           0.2722151238
    4.4700000000           0.2652074671
    4.4800000000           0.2582195415
    4.4900000000           0.2513145994
    4.5000000000           0.2445485094
    4.5100000000           0.2379690231
    4.5200000000           0.2316156199
    4.5300000000           0.2255197989
    4.5400000000           0.2197056828
    4.5500000000           0.2141908132
    4.5600000000           0.2089870398
    4.5700000000           0.2041014260
    4.5800000000           0.1995371185
    4.5900000000           0.1952941459
    4.6000000000           0.1913701272
    4.6100000000           0.1877608819
    4.6200000000           0.1844609408
    4.6300000000           0.1814639630
    4.6400000000           0.1787630652
    4.6500000000           0.1763510724
    4.6600000000           0.1742206986
    4.6700000000           0.1723646661
    4.6800000000           0.1707757708
    4.6900000000           0.1694469025
    4.7000000000           0.1683710263
    4.7100000000           0.1675411335
    4.7200000000           0.1669501700
    4.7300000000           0.1665909510
    4.7400000000           0.1664560737
    4.7500000000           0.1665378373
    4.7600000000           0.1668281854
    4.7700000000           0.1673186822
    4.7800000000           0.1680005339
    4.7900000000           0.1688646659
    4.8000000000           0.1699018580
    4.8100000000           0.1711029366
    4.8200000000           0.1724590114
    4.8300000000           0.1739617375
    4.8400000000           0.1756035755
    4.8500000000           0.1773780140
    4.8600000000           0.1792797224
    4.8700000000           0.1813046030
    4.8800000000           0.1834497242
    4.8900000000           0.1857131315
    4.9000000000           0.1880935539
    4.9100000000           0.1905900405
    4.9200000000           0.1932015807
    4.9300000000           0.1959267652
    4.9400000000           0.1987635506
    4.9500000000           0.2017091768
    4.9600000000           0.2047602711
    4.9700000000           0.2079131494
    4.9800000000           0.2111642994
    4.9900000000           0.2145110016
    5.0000000000           0.2179520245
    5.0100000000           0.2214883109
    5.0200000000           0.2251235664
    5.0300000000           0.2288646681
    5.0400000000           0.2327218240
    5.0500000000           0.2367084461
    5.0600000000           0.2408407279
    5.0700000000           0.2451369568
    5.0800000000           0.2496166152
    5.0900000000           0.2542993492
    5.1000000000           0.2592038885
    5.1100000000           0.2643469923
    5.1200000000           0.2697424807
    5.1300000000           0.2754003781
    5.1400000000           0.2813261653
    5.1500000000           0.2875201059
    5.1600000000           0.2939765903
    5.1700000000           0.3006834392
    5.1800000000           0.3076211207
    5.1900000000           0.3147618709
    5.2000000000           0.3220687641
    5.2100000000           0.3294948358
    5.2200000000           0.3369824249
    5.2300000000           0.3444629441
    5.2400000000           0.3518573042
    5.2500000000           0.3590772028
    5.2600000000           0.3660274236
    5.2700000000           0.3726091929
    5.2800000000           0.3787244992
    5.2900000000           0.3842811196
    5.3000000000           0.3891979377
    5.3100000000           0.3934100116
    5.3200000000           0.3968727956
    5.3300000000           0.3995649592
    5.3400000000           0.4014893944
    5.3500000000           0.4026722358
    5.3600000000           0.4031599966
    5.3700000000           0.4030151936
    5.3800000000           0.4023110339
    5.3900000000           0.4011258363
    5.4000000000           0.3995378453
    5.4100000000           0.3976209816
    5.4200000000           0.3954418929
    5.4300000000           0.3930584585
    5.4400000000           0.3905196991
    5.4500000000           0.3878668700
    5.4600000000           0.3851353934
    5.4700000000           0.3823572140
    5.4800000000           0.3795631564
    5.4900000000           0.3767849011
    5.5000000000           0.3740562892
    5.5100000000           0.3714137817
    5.5200000000           0.3688960334
    5.5300000000           0.3665426594
    5.5400000000           0.3643923682
    5.5500000000           0.3624806890
    5.5600000000           0.3608375402
    5.5700000000           0.3594848711
    5.5800000000           0.3584345787
    5.5900000000           0.3576868620
    5.6000000000           0.3572291502
    5.6100000000           0.3570357099
    5.6200000000           0.3570680262
    5.6300000000           0.3572760250
    5.6400000000           0.3576001764
    5.6500000000           0.3579744624
    5.6600000000           0.3583301139
    5.6700000000           0.3585999241
    5.6800000000           0.3587228405
    5.6900000000           0.3586484489
    5.7000000000           0.3583409195
    5.7100000000           0.3577820024
    5.7200000000           0.3569727496
    5.7300000000           0.3559337946
    5.7400000000           0.3547042029
    5.7500000000           0.3533390886
    5.7600000000           0.3519063321
    5.7700000000           0.3504828083
    5.7800000000           0.3491505354
    5.7900000000           0.3479930968
    5.8000000000           0.3470925912
    5.8100000000           0.3465272511
    5.8200000000           0.3463697709
    5.8300000000           0.3466863013
    5.8400000000           0.3475360152
    5.8500000000           0.3489711213
    5.8600000000           0.3510371967
    5.8700000000           0.3537737121
    5.8800000000           0.3572146397
    5.8900000000           0.3613890443
    5.9000000000           0.3663215708
    5.9100000000           0.3720327510
    5.9200000000           0.3785390595
    5.9300000000           0.3858526560
    5.9400000000           0.3939807580
    5.9500000000           0.4029246036
    5.9600000000           0.4126779774
    5.9700000000           0.4232252995
    5.9800000000           0.4345393044
    5.9900000000           0.4465783791
    6.0000000000           0.4592836729
    6.0100000000           0.4725761527
    6.0200000000           0.4863538400
    6.0300000000           0.5004895410
    6.0400000000           0.5148294457
    6.0500000000           0.5291930268
    6.0600000000           0.5433746814
    6.0700000000           0.5571475124
    6.0800000000           0.5702695179
    6.0900000000           0.5824922314
    6.1000000000           0.5935715410
    6.1100000000           0.6032800463
    6.1200000000           0.6114199456
    6.1300000000           0.6178351770
    6.1400000000           0.6224214379
    6.1500000000           0.6251328453
    6.1600000000           0.6259843766
    6.1700000000           0.6250497854
    6.1800000000           0.6224553168
    6.1900000000           0.6183701050
    6.2000000000           0.6129945230
    6.2100000000           0.6065478909
    6.2200000000           0.5992568433
    6.2300000000           0.5913453578
    6.2400000000           0.5830270458
    6.2500000000           0.5744998862
    6.2600000000           0.5659432277
    6.2700000000           0.5575166344
    6.2800000000           0.5493600226
    6.2900000000           0.5415945251
    6.3000000000           0.5343235942
    6.3100000000           0.5276339811
    6.3200000000           0.5215963754
    6.3300000000           0.5162656165
    6.3400000000           0.5116804952
    6.3500000000           0.5078632273
    6.3600000000           0.5048187246
    6.3700000000           0.5025338018
    6.3800000000           0.5009764658
    6.3900000000           0.5000954336
    6.4000000000           0.4998200205
    6.4100000000           0.5000605377
    6.4200000000           0.5007093203
    6.4300000000           0.5016424878
    6.4400000000           0.5027225005
    6.4500000000           0.5038015290
    6.4600000000           0.5047255971
    6.4700000000           0.5053393954
    6.4800000000           0.5054916026
    6.4900000000           0.5050404854
    6.5000000000           0.5038594926
    6.5100000000           0.5018425036
    6.5200000000           0.4989083591
    6.5300000000           0.4950042953
    6.5400000000           0.4901079454
    6.5500000000           0.4842276795
    6.5600000000           0.4774012110
    6.5700000000           0.4696925933
    6.5800000000           0.4611879168
    6.5900000000           0.4519901582
    6.6000000000           0.4422136930
    6.6100000000           0.4319789549
    6.6200000000           0.4214076252
    6.6300000000           0.4106185940
    6.6400000000           0.3997247900
    6.6500000000           0.3888308559
    6.6600000000           0.3780315692
    6.6700000000           0.3674108720
    6.6800000000           0.3570413736
    6.6900000000           0.3469842092
    6.7000000000           0.3372891650
    6.7100000000           0.3279950052
    6.7200000000           0.3191299574
    6.7300000000           0.3107123237
    6.7400000000           0.3027511902
    6.7500000000           0.2952472145
    6.7600000000           0.2881934684
    6.7700000000           0.2815763235
    6.7800000000           0.2753763649
    6.7900000000           0.2695693296
    6.8000000000           0.2641270643
    6.8100000000           0.2590185019
    6.8200000000           0.2542106517
    6.8300000000           0.2496695977
    6.8400000000           0.2453614946
    6.8500000000           0.2412535466
    6.8600000000           0.2373149570
    6.8700000000           0.2335178288
    6.8800000000           0.2298379956
    6.8900000000           0.2262557540
    6.9000000000           0.2227564599
    6.9100000000           0.2193309425
    6.9200000000           0.2159756911
    6.9300000000           0.2126927771
    6.9400000000           0.2094894983
    6.9500000000           0.2063777569
    6.9600000000           0.2033732225
    6.9700000000           0.2004943508
    6.9800000000           0.1977613486
    6.9900000000           0.1951951727
    7.0000000000           0.1928166385
    7.0100000000           0.1906456903
    7.0200000000           0.1887008595
    7.0300000000           0.1869989112
    7.0400000000           0.1855546641
    7.0500000000           0.1843809521
    7.0600000000           0.1834886941
    7.0700000000           0.1828870365
    7.0800000000           0.1825835376
    7.0900000000           0.1825843658
    7.1000000000           0.1828944895
    7.1100000000           0.1835178392
    7.1200000000           0.1844574252
    7.1300000000           0.1857153920
    7.1400000000           0.1872929954
    7.1500000000           0.1891904825
    7.1600000000           0.1914068587
    7.1700000000           0.1939395280
    7.1800000000           0.1967837963
    7.1900000000           0.1999322359
    7.2000000000           0.2033739171
    7.2100000000           0.2070935258
    7.2200000000           0.2110704008
    7.2300000000           0.2152775376
    7.2400000000           0.2196806286
    7.2500000000           0.2242372271
    7.2600000000           0.2288961459
    7.2700000000           0.2335972201
    7.2800000000           0.2382715743
    7.2900000000           0.2428425333
    7.3000000000           0.2472272886
    7.3100000000           0.2513393817
    7.3200000000           0.2550919836
    7.3300000000           0.2584018395
    7.3400000000           0.2611936327
    7.3500000000           0.2634044085
    7.3600000000           0.2649876255
    7.3700000000           0.2659163874
    7.3800000000           0.2661854612
    7.3900000000           0.2658118173
    7.4000000000           0.2648336018
    7.4100000000           0.2633076466
    7.4200000000           0.2613057977
    7.4300000000           0.2589104608
    7.4400000000           0.2562098155
    7.4500000000           0.2532931260
    7.4600000000           0.2502465035
    7.4700000000           0.2471493642
    7.4800000000           0.2440717149
    7.4900000000           0.2410722972
    7.5000000000           0.2381975461
    7.5100000000           0.2354812718
    7.5200000000           0.2329449521
    7.5300000000           0.2305985183
    7.5400000000           0.2284415226
    7.5500000000           0.2264645864
    7.5600000000           0.2246510350
    7.5700000000           0.2229786336
    7.5800000000           0.2214213486
    7.5900000000           0.2199510665
    7.6000000000           0.2185392189
    7.6100000000           0.2171582756
    7.6200000000           0.2157830818
    7.6300000000           0.2143920207
    7.6400000000           0.2129679819
    7.6500000000           0.2114991043
    7.6600000000           0.2099792521
    7.6700000000           0.2084081793
    7.6800000000           0.2067913482
    7.6900000000           0.2051393959
    7.7000000000           0.2034672835
    7.7100000000           0.2017932071
    7.7200000000           0.2001373837
    7.7300000000           0.1985208406
    7.7400000000           0.1969643294
    7.7500000000           0.1954874555
    7.7600000000           0.1941080690
    7.7700000000           0.1928419176
    7.7800000000           0.1917025174
    7.7900000000           0.1907011746
    7.8000000000           0.1898470767
    7.8100000000           0.1891473837
    7.8200000000           0.1886072674
    7.8300000000           0.1882298765
    7.8400000000           0.1880162288
    7.8500000000           0.1879650596
    7.8600000000           0.1880726652
    7.8700000000           0.1883327918
    7.8800000000           0.1887366182
    7.8900000000           0.1892728767
    7.9000000000           0.1899281443
    7.9100000000           0.1906873171
    7.9200000000           0.1915342584
    7.9300000000           0.1924525793
    7.9400000000           0.1934264788
    7.9500000000           0.1944415489
    7.9600000000           0.1954854331
    7.9700000000           0.1965482366
    7.9800000000           0.1976226131
    7.9900000000           0.1987034992
    8.0000000000           0.1997875213
    8.0100000000           0.2008721537
    8.0200000000           0.2019547452
    8.0300000000           0.2030315497
    8.0400000000           0.2040968952
    8.0500000000           0.2051426006
    8.0600000000           0.2061577134
    8.0700000000           0.2071286000
    8.0800000000           0.2080393711
    8.0900000000           0.2088725802
    8.1000000000           0.2096100955
    8.1100000000           0.2102340162
    8.1200000000           0.2107274947
    8.1300000000           0.2110753412
    8.1400000000           0.2112643236
    8.1500000000           0.2112831352
    8.1600000000           0.2111220710
    8.1700000000           0.2107725127
    8.1800000000           0.2102263648
    8.1900000000           0.2094755975
    8.2000000000           0.2085120278
    8.2100000000           0.2073274295
    8.2200000000           0.2059139922
    8.2300000000           0.2042650888
    8.2400000000           0.2023762436
    8.2500000000           0.2002461575
    8.2600000000           0.1978776240
    8.2700000000           0.1952781836
    8.2800000000           0.1924604019
    8.2900000000           0.1894417125
    8.3000000000           0.1862438344
    8.3100000000           0.1828918324
    8.3200000000           0.1794129411
    8.3300000000           0.1758352901
    8.3400000000           0.1721866730
    8.3500000000           0.1684934747
    8.3600000000           0.1647798392
    8.3700000000           0.1610671147
    8.3800000000           0.1573735746
    8.3900000000           0.1537143824
    8.4000000000           0.1501017470
    8.4100000000           0.1465452072
    8.4200000000           0.1430519871
    8.4300000000           0.1396273671
    8.4400000000           0.1362750335
    8.4500000000           0.1329973781
    8.4600000000           0.1297957374
    8.4700000000           0.1266705686
    8.4800000000           0.1236215759
    8.4900000000           0.1206477987
    8.5000000000           0.1177476849
    8.5100000000           0.1149191633
    8.5200000000           0.1121597287
    8.5300000000           0.1094665464
    8.5400000000           0.1068365728
    8.5500000000           0.1042666852
    8.5600000000           0.1017538059
    8.5700000000           0.0992950083
    8.5800000000           0.0968875921
    8.5900000000           0.0945291239
    8.6000000000           0.0922174443
    8.6100000000           0.0899506537
    8.6200000000           0.0877270897
    8.6300000000           0.0855453146
    8.6400000000           0.0834041221
    8.6500000000           0.0813025714
    8.6600000000           0.0792400422
    8.6700000000           0.0772163021
    8.6800000000           0.0752315671
    8.6900000000           0.0732865402
    8.7000000000           0.0713824127
    8.7100000000           0.0695208221
    8.7200000000           0.0677037667
    8.7300000000           0.0659334851
    8.7400000000           0.0642123160
    8.7500000000           0.0625425526
    8.7600000000           0.0609263082
    8.7700000000           0.0593654048
    8.7800000000           0.0578612912
    8.7900000000           0.0564149938
    8.8000000000           0.0550270972
    8.8100000000           0.0536977502
    8.8200000000           0.0524266910
    8.8300000000           0.0512132842
    8.8400000000           0.0500565646
    8.8500000000           0.0489552835
    8.8600000000           0.0479079544
    8.8700000000           0.0469128965
    8.8800000000           0.0459682756
    8.8900000000           0.0450721417
    8.9000000000           0.0442224638
    8.9100000000           0.0434171605
    8.9200000000           0.0426541270
    8.9300000000           0.0419312563
    8.9400000000           0.0412464553
    8.9500000000           0.0405976544
    8.9600000000           0.0399828109
    8.9700000000           0.0393999064
    8.9800000000           0.0388469388
    8.9900000000           0.0383219113
    9.0000000000           0.0378228177
    9.0100000000           0.0373476283
    9.0200000000           0.0368942768
    9.0300000000           0.0364606518
    9.0400000000           0.0360445954
    9.0500000000           0.0356439129
    9.0600000000           0.0352563957
    9.0700000000           0.0348798605
    9.0800000000           0.0345122036
    9.0900000000           0.0341514700
    9.1000000000           0.0337959300
    9.1100000000           0.0334441583
    9.1200000000           0.0330951040
    9.1300000000           0.0327481443
    9.1400000000           0.0324031123
    9.1500000000           0.0320602958
    9.1600000000           0.0317204033
    9.1700000000           0.0313845046
    9.1800000000           0.0310539485
    9.1900000000           0.0307302697
    9.2000000000           0.0304150933
    9.2100000000           0.0301100447
    9.2200000000           0.0298166730
    9.2300000000           0.0295363904
    9.2400000000           0.0292704302
    9.2500000000           0.0290198224
    9.2600000000           0.0287853870
    9.2700000000           0.0285677397
    9.2800000000           0.0283673116
    9.2900000000           0.0281843760
    9.3000000000           0.0280190834
    9.3100000000           0.0278714996
    9.3200000000           0.0277416449
    9.3300000000           0.0276295331
    9.3400000000           0.0275352059
    9.3500000000           0.0274587614
    9.3600000000           0.0274003741
    9.3700000000           0.0273603057
    9.3800000000           0.0273389048
    9.3900000000           0.0273365950
    9.4000000000           0.0273538544
    9.4100000000           0.0273911848
    9.4200000000           0.0274490765
    9.4300000000           0.0275279670
    9.4400000000           0.0276282004
    9.4500000000           0.0277499850
    9.4600000000           0.0278933527
    9.4700000000           0.0280581193
    9.4800000000           0.0282438456
    9.4900000000           0.0284497979
    9.5000000000           0.0286749095
    9.5100000000           0.0289177421
    9.5200000000           0.0291764507
    9.5300000000           0.0294487523
    9.5400000000           0.0297319036
    9.5500000000           0.0300226886
    9.5600000000           0.0303174193
    9.5700000000           0.0306119493
    9.5800000000           0.0309017000
    9.5900000000           0.0311816973
    9.6000000000           0.0314466176
    9.6100000000           0.0316908442
    9.6200000000           0.0319085365
    9.6300000000           0.0320937202
    9.6400000000           0.0322404063
    9.6500000000           0.0323427498
    9.6600000000           0.0323952518
    9.6700000000           0.0323930027
    9.6800000000           0.0323319529
    9.6900000000           0.0322091862
    9.7000000000           0.0320231617
    9.7100000000           0.0317738904
    9.7200000000           0.0314630145
    9.7300000000           0.0310937717
    9.7400000000           0.0306708415
    9.7500000000           0.0302000905
    9.7600000000           0.0296882451
    9.7700000000           0.0291425306
    9.7800000000           0.0285703141
    9.7900000000           0.0279787867
    9.8000000000           0.0273747067
    9.8100000000           0.0267642168
    9.8200000000           0.0261527356
    9.8300000000           0.0255449168
    9.8400000000           0.0249446613
    9.8500000000           0.0243551676
    9.8600000000           0.0237790040
    9.8700000000           0.0232181902
    9.8800000000           0.0226742776
    9.8900000000           0.0221484225
    9.9000000000           0.0216414494
    9.9100000000           0.0211539031
    9.9200000000           0.0206860935
    9.9300000000           0.0202381313
    9.9400000000           0.0198099602
    9.9500000000           0.0194013846
    9.9600000000           0.0190120953
    9.9700000000           0.0186416918
    9.9800000000           0.0182897031
    9.9900000000           0.0179556052
   10.0000000000           0.0176388356
   10.0100000000           0.0173388049
   10.0200000000           0.0170549048
   10.0300000000           0.0167865140
   10.0400000000           0.0165330015
   10.0500000000           0.0162937280
   10.0600000000           0.0160680473
   10.0700000000           0.0158553068
   10.0800000000           0.0156548488
   10.0900000000           0.0154660131
   10.1000000000           0.0152881402
   10.1100000000           0.0151205773
   10.1200000000           0.0149626845
   10.1300000000           0.0148138420
   10.1400000000           0.0146734587
   10.1500000000           0.0145409786
   10.1600000000           0.0144158870
   10.1700000000           0.0142977137
   10.1800000000           0.0141860330
   10.1900000000           0.0140804608
   10.2000000000           0.0139806472
   10.2100000000           0.0138862661
   10.2200000000           0.0137970009
   10.2300000000           0.0137125297
   10.2400000000           0.0136325077
   10.2500000000           0.0135565513
   10.2600000000           0.0134842238
   10.2700000000           0.0134150246
   10.2800000000           0.0133483841
   10.2900000000           0.0132836638
   10.3000000000           0.0132201664
   10.3100000000           0.0131571519
   10.3200000000           0.0130938637
   10.3300000000           0.0130295615
   10.3400000000           0.0129635590
   10.3500000000           0.0128952640
   10.3600000000           0.0128242157
   10.3700000000           0.0127501156
   10.3800000000           0.0126728480
   10.3900000000           0.0125924864
   10.4000000000           0.0125092854
   10.4100000000           0.0124236587
   10.4200000000           0.0123361468
   10.4300000000           0.0122473764
   10.4400000000           0.0121580180
   10.4500000000           0.0120687451
   10.4600000000           0.0119801986
   10.4700000000           0.0118929576
   10.4800000000           0.0118075196
   10.4900000000           0.0117242875
   10.5000000000           0.0116435648
   10.5100000000           0.0115655566
   10.5200000000           0.0114903750
   10.5300000000           0.0114180484
   10.5400000000           0.0113485330
   10.5500000000           0.0112817261
   10.5600000000           0.0112174804
   10.5700000000           0.0111556192
   10.5800000000           0.0110959519
   10.5900000000           0.0110382902
   10.6000000000           0.0109824634
   10.6100000000           0.0109283334
   10.6200000000           0.0108758078
   10.6300000000           0.0108248503
   10.6400000000           0.0107754879
   10.6500000000           0.0107278130
   10.6600000000           0.0106819819
   10.6700000000           0.0106382080
   10.6800000000           0.0105967515
   10.6900000000           0.0105579053
   10.7000000000           0.0105219796
   10.7100000000           0.0104892860
   10.7200000000           0.0104601212
   10.7300000000           0.0104347523
   10.7400000000           0.0104134047
   10.7500000000           0.0103962506
   10.7600000000           0.0103834007
   10.7700000000           0.0103748967
   10.7800000000           0.0103707063
   10.7900000000           0.0103707180
   10.8000000000           0.0103747382
   10.8100000000           0.0103824889
   10.8200000000           0.0103936065
   10.8300000000           0.0104076427
   10.8400000000           0.0104240674
   10.8500000000           0.0104422732
   10.8600000000           0.0104615834
   10.8700000000           0.0104812617
   10.8800000000           0.0105005261
   10.8900000000           0.0105185648
   10.9000000000           0.0105345565
   10.9100000000           0.0105476943
   10.9200000000           0.0105572124
   10.9300000000           0.0105624163
   10.9400000000           0.0105627135
   10.9500000000           0.0105576427
   10.9600000000           0.0105468987
   10.9700000000           0.0105303491
   10.9800000000           0.0105080410
   10.9900000000           0.0104801952
   11.0000000000           0.0104471889
   11.0100000000           0.0104095287
   11.0200000000           0.0103678162
   11.0300000000           0.0103227115
   11.0400000000           0.0102748973
   11.0500000000           0.0102250487
   11.0600000000           0.0101738093
   11.0700000000           0.0101217770
   11.0800000000           0.0100694967
   11.0900000000           0.0100174613
   11.1000000000           0.0099661181
   11.1100000000           0.0099158779
   11.1200000000           0.0098671258
   11.1300000000           0.0098202319
   11.1400000000           0.0097755592
   11.1500000000           0.0097334692
   11.1600000000           0.0096943250
   11.1700000000           0.0096584903
   11.1800000000           0.0096263276
   11.1900000000           0.0095981937
   11.2000000000           0.0095744352
   11.2100000000           0.0095553837
   11.2200000000           0.0095413513
   11.2300000000           0.0095326264
   11.2400000000           0.0095294703
   11.2500000000           0.0095321133
   11.2600000000           0.0095407511
   11.2700000000           0.0095555401
   11.2800000000           0.0095765925
   11.2900000000           0.0096039699
   11.3000000000           0.0096376765
   11.3100000000           0.0096776519
   11.3200000000           0.0097237635
   11.3300000000           0.0097757995
   11.3400000000           0.0098334631
   11.3500000000           0.0098963686
   11.3600000000           0.0099640400
   11.3700000000           0.0100359140
   11.3800000000           0.0101113462
   11.3900000000           0.0101896239
   11.4000000000           0.0102699822
   11.4100000000           0.0103516270
   11.4200000000           0.0104337609
   11.4300000000           0.0105156117
   11.4400000000           0.0105964625
   11.4500000000           0.0106756793
   11.4600000000           0.0107527343
   11.4700000000           0.0108272239
   11.4800000000           0.0108988782
   11.4900000000           0.0109675627
   11.5000000000           0.0110332728
   11.5100000000           0.0110961223
   11.5200000000           0.0111563273
   11.5300000000           0.0112141891
   11.5400000000           0.0112700757
   11.5500000000           0.0113244043
   11.5600000000           0.0113776238
   11.5700000000           0.0114301981
   11.5800000000           0.0114825877
   11.5900000000           0.0115352301
   11.6000000000           0.0115885169
   11.6100000000           0.0116427689
   11.6200000000           0.0116982072
   11.6300000000           0.0117549232
   11.6400000000           0.0118128488
   11.6500000000           0.0118717274
   11.6600000000           0.0119310927
   11.6700000000           0.0119902540
   11.6800000000           0.0120482959
   11.6900000000           0.0121040921
   11.7000000000           0.0121563369
   11.7100000000           0.0122035953
   11.7200000000           0.0122443686
   11.7300000000           0.0122771732
   11.7400000000           0.0123006275
   11.7500000000           0.0123135386
   11.7600000000           0.0123149825
   11.7700000000           0.0123043691
   11.7800000000           0.0122814868
   11.7900000000           0.0122465218
   11.8000000000           0.0122000505
   11.8100000000           0.0121430065
   11.8200000000           0.0120766246
   11.8300000000           0.0120023681
   11.8400000000           0.0119218449
   11.8500000000           0.0118367197
   11.8600000000           0.0117486278
   11.8700000000           0.0116590968
   11.8800000000           0.0115694789
   11.8900000000           0.0114808984
   11.9000000000           0.0113942139
   11.9100000000           0.0113099982
   11.9200000000           0.0112285342
   11.9300000000           0.0111498283
   11.9400000000           0.0110736393
   11.9500000000           0.0109995220
   11.9600000000           0.0109268831
   11.9700000000           0.0108550463
   11.9800000000           0.0107833219
   11.9900000000           0.0107110753
   12.0000000000           0.0106377881
   12.0100000000           0.0105631071
   12.0200000000           0.0104868756
   12.0300000000           0.0104091460
   12.0400000000           0.0103301723
   12.0500000000           0.0102503864
   12.0600000000           0.0101703620
   12.0700000000           0.0100907700
   12.0800000000           0.0100123323
   12.0900000000           0.0099357779
   12.1000000000           0.0098618031
   12.1100000000           0.0097910394
   12.1200000000           0.0097240284
   12.1300000000           0.0096612039
   12.1400000000           0.0096028789
   12.1500000000           0.0095492393
   12.1600000000           0.0095003407
   12.1700000000           0.0094561091
   12.1800000000           0.0094163456
   12.1900000000           0.0093807346
   12.2000000000           0.0093488558
   12.2100000000           0.0093201997
   12.2200000000           0.0092941863
   12.2300000000           0.0092701861
   12.2400000000           0.0092475414
   12.2500000000           0.0092255879
   12.2600000000           0.0092036745
   12.2700000000           0.0091811808
   12.2800000000           0.0091575325
   12.2900000000           0.0091322152
   12.3000000000           0.0091047872
   12.3100000000           0.0090748925
   12.3200000000           0.0090422729
   12.3300000000           0.0090067809
   12.3400000000           0.0089683898
   12.3500000000           0.0089272007
   12.3600000000           0.0088834429
   12.3700000000           0.0088374685
   12.3800000000           0.0087897368
   12.3900000000           0.0087407923
   12.4000000000           0.0086912361
   12.4100000000           0.0086416915
   12.4200000000           0.0085927698
   12.4300000000           0.0085450360
   12.4400000000           0.0084989781
   12.4500000000           0.0084549824
   12.4600000000           0.0084133153
   12.4700000000           0.0083741132
   12.4800000000           0.0083373810
   12.4900000000           0.0083029976
   12.5000000000           0.0082707304
   12.5100000000           0.0082402549
   12.5200000000           0.0082111801
   12.5300000000           0.0081830761
   12.5400000000           0.0081555028
   12.5500000000           0.0081280374
   12.5600000000           0.0081002980
   12.5700000000           0.0080719629
   12.5800000000           0.0080427841
   12.5900000000           0.0080125954
   12.6000000000           0.0079813150
   12.6100000000           0.0079489439
   12.6200000000           0.0079155612
   12.6300000000           0.0078813164
   12.6400000000           0.0078464200
   12.6500000000           0.0078111326
   12.6600000000           0.0077757523
   12.6700000000           0.0077406011
   12.6800000000           0.0077060105
   12.6900000000           0.0076723071
   12.7000000000           0.0076397989
   12.7100000000           0.0076087629
   12.7200000000           0.0075794354
   12.7300000000           0.0075520056
   12.7400000000           0.0075266116
   12.7500000000           0.0075033392
   12.7600000000           0.0074822233
   12.7700000000           0.0074632498
   12.7800000000           0.0074463586
   12.7900000000           0.0074314461
   12.8000000000           0.0074183681
   12.8100000000           0.0074069418
   12.8200000000           0.0073969498
   12.8300000000           0.0073881434
   12.8400000000           0.0073802483
   12.8500000000           0.0073729712
   12.8600000000           0.0073660070
   12.8700000000           0.0073590469
   12.8800000000           0.0073517851
   12.8900000000           0.0073439250
   12.9000000000           0.0073351837
   12.9100000000           0.0073252953
   12.9200000000           0.0073140124
   12.9300000000           0.0073011084
   12.9400000000           0.0072863805
   12.9500000000           0.0072696536
   12.9600000000           0.0072507867
   12.9700000000           0.0072296821
   12.9800000000           0.0072062944
   12.9900000000           0.0071806412
   13.0000000000           0.0071528119
   13.0100000000           0.0071229739
   13.0200000000           0.0070913746
   13.0300000000           0.0070583387
   13.0400000000           0.0070242595
   13.0500000000           0.0069895857
   13.0600000000           0.0069548044
   13.0700000000           0.0069204210
   13.0800000000           0.0068869386
   13.0900000000           0.0068548379
   13.1000000000           0.0068245596
   13.1100000000           0.0067964894
   13.1200000000           0.0067709468
   13.1300000000           0.0067481772
   13.1400000000           0.0067283481
   13.1500000000           0.0067115481
   13.1600000000           0.0066977880
   13.1700000000           0.0066870045
   13.1800000000           0.0066790646
   13.1900000000           0.0066737709
   13.2000000000           0.0066708667
   13.2100000000           0.0066700409
   13.2200000000           0.0066709319
   13.2300000000           0.0066731315
   13.2400000000           0.0066761887
   13.2500000000           0.0066796134
   13.2600000000           0.0066828826
   13.2700000000           0.0066854480
   13.2800000000           0.0066867460
   13.2900000000           0.0066862115
   13.3000000000           0.0066832932
   13.3100000000           0.0066774718
   13.3200000000           0.0066682780
   13.3300000000           0.0066553108
   13.3400000000           0.0066382534
   13.3500000000           0.0066168859
   13.3600000000           0.0065910935
   13.3700000000           0.0065608699
   13.3800000000           0.0065263138
   13.3900000000           0.0064876216
   13.4000000000           0.0064450737
   13.4100000000           0.0063990178
   13.4200000000           0.0063498496
   13.4300000000           0.0062979926
   13.4400000000           0.0062438789
   13.4500000000           0.0061879317
   13.4600000000           0.0061305525
   13.4700000000           0.0060721108
   13.4800000000           0.0060129395
   13.4900000000           0.0059533337
   13.5000000000           0.0058935524
   13.5100000000           0.0058338238
   13.5200000000           0.0057743508
   13.5300000000           0.0057153175
   13.5400000000           0.0056568950
   13.5500000000           0.0055992453
   13.5600000000           0.0055425238
   13.5700000000           0.0054868794
   13.5800000000           0.0054324521
   13.5900000000           0.0053793686
   13.6000000000           0.0053277368
   13.6100000000           0.0052776393
   13.6200000000           0.0052291266
   13.6300000000           0.0051822120
   13.6400000000           0.0051368674
   13.6500000000           0.0050930223
   13.6600000000           0.0050505647
   13.6700000000           0.0050093460
   13.6800000000           0.0049691879
   13.6900000000           0.0049298929
   13.7000000000           0.0048912556
   13.7100000000           0.0048530758
   13.7200000000           0.0048151707
   13.7300000000           0.0047773861
   13.7400000000           0.0047396049
   13.7500000000           0.0047017517
   13.7600000000           0.0046637948
   13.7700000000           0.0046257432
   13.7800000000           0.0045876416
   13.7900000000           0.0045495624
   13.8000000000           0.0045115971
   13.8100000000           0.0044738472
   13.8200000000           0.0044364162
   13.8300000000           0.0043994034
   13.8400000000           0.0043628986
   13.8500000000           0.0043269798
   13.8600000000           0.0042917114
   13.8700000000           0.0042571449
   13.8800000000           0.0042233186
   13.8900000000           0.0041902598
   13.9000000000           0.0041579850
   13.9100000000           0.0041265014
   13.9200000000           0.0040958074
   13.9300000000           0.0040658933
   13.9400000000           0.0040367418
   13.9500000000           0.0040083290
   13.9600000000           0.0039806260
   13.9700000000           0.0039535997
   13.9800000000           0.0039272157
   13.9900000000           0.0039014391
   14.0000000000           0.0038762376
   14.0100000000           0.0038515819
   14.0200000000           0.0038274477
   14.0300000000           0.0038038155
   14.0400000000           0.0037806713
   14.0500000000           0.0037580063
   14.0600000000           0.0037358158
   14.0700000000           0.0037140988
   14.0800000000           0.0036928577
   14.0900000000           0.0036720968
   14.1000000000           0.0036518228
   14.1100000000           0.0036320437
   14.1200000000           0.0036127689
   14.1300000000           0.0035940093
   14.1400000000           0.0035757766
   14.1500000000           0.0035580835
   14.1600000000           0.0035409435
   14.1700000000           0.0035243703
   14.1800000000           0.0035083778
   14.1900000000           0.0034929798
   14.2000000000           0.0034781895
   14.2100000000           0.0034640197
   14.2200000000           0.0034504820
   14.2300000000           0.0034375873
   14.2400000000           0.0034253447
   14.2500000000           0.0034137614
   14.2600000000           0.0034028418
   14.2700000000           0.0033925869
   14.2800000000           0.0033829936
   14.2900000000           0.0033740538
   14.3000000000           0.0033657541
   14.3100000000           0.0033580756
   14.3200000000           0.0033509947
   14.3300000000           0.0033444837
   14.3400000000           0.0033385126
   14.3500000000           0.0033330511
   14.3600000000           0.0033280702
   14.3700000000           0.0033235450
   14.3800000000           0.0033194564
   14.3900000000           0.0033157926
   14.4000000000           0.0033125507
   14.4100000000           0.0033097371
   14.4200000000           0.0033073683
   14.4300000000           0.0033054700
   14.4400000000           0.0033040772
   14.4500000000           0.0033032326
   14.4600000000           0.0033029861
   14.4700000000           0.0033033925
   14.4800000000           0.0033045114
   14.4900000000           0.0033064048
   14.5000000000           0.0033091372
   14.5100000000           0.0033127746
   14.5200000000           0.0033173840
   14.5300000000           0.0033230341
   14.5400000000           0.0033297950
   14.5500000000           0.0033377390
   14.5600000000           0.0033469403
   14.5700000000           0.0033574759
   14.5800000000           0.0033694255
   14.5900000000           0.0033828713
   14.6000000000           0.0033978986
   14.6100000000           0.0034145952
   14.6200000000           0.0034330515
   14.6300000000           0.0034533608
   14.6400000000           0.0034756185
   14.6500000000           0.0034999229
   14.6600000000           0.0035263738
   14.6700000000           0.0035550729
   14.6800000000           0.0035861228
   14.6900000000           0.0036196259
   14.7000000000           0.0036556829
   14.7100000000           0.0036943917
   14.7200000000           0.0037358446
   14.7300000000           0.0037801267
   14.7400000000           0.0038273130
   14.7500000000           0.0038774660
   14.7600000000           0.0039306327
   14.7700000000           0.0039868423
   14.7800000000           0.0040461032
   14.7900000000           0.0041083996
   14.8000000000           0.0041736887
   14.8100000000           0.0042418970
   14.8200000000           0.0043129160
   14.8300000000           0.0043865981
   14.8400000000           0.0044627524
   14.8500000000           0.0045411407
   14.8600000000           0.0046214739
   14.8700000000           0.0047034106
   14.8800000000           0.0047865564
   14.8900000000           0.0048704661
   14.9000000000           0.0049546478
   14.9100000000           0.0050385701
   14.9200000000           0.0051216711
   14.9300000000           0.0052033695
   14.9400000000           0.0052830763
   14.9500000000           0.0053602066
   14.9600000000           0.0054341884
   14.9700000000           0.0055044684
   14.9800000000           0.0055705132
   14.9900000000           0.0056318051
   15.0000000000           0.0056878342
   15.0100000000           0.0057380878
   15.0200000000           0.0057820412
   15.0300000000           0.0058191519
   15.0400000000           0.0058488614
   15.0500000000           0.0058706067
   15.0600000000           0.0058838414
   15.0700000000           0.0058880669
   15.0800000000           0.0058828688
   15.0900000000           0.0058679571
   15.1000000000           0.0058432017
   15.1100000000           0.0058086619
   15.1200000000           0.0057646031
   15.1300000000           0.0057114995
   15.1400000000           0.0056500230
   15.1500000000           0.0055810181
   15.1600000000           0.0055054667
   15.1700000000           0.0054244468
   15.1800000000           0.0053390884
   15.1900000000           0.0052505302
   15.2000000000           0.0051598810
   15.2100000000           0.0050681866
   15.2200000000           0.0049764042
   15.2300000000           0.0048853843
   15.2400000000           0.0047958603
   15.2500000000           0.0047084437
   15.2600000000           0.0046236262
   15.2700000000           0.0045417851
   15.2800000000           0.0044631926
   15.2900000000           0.0043880264
   15.3000000000           0.0043163813
   15.3100000000           0.0042482810
   15.3200000000           0.0041836878
   15.3300000000           0.0041225121
   15.3400000000           0.0040646194
   15.3500000000           0.0040098363
   15.3600000000           0.0039579547
   15.3700000000           0.0039087366
   15.3800000000           0.0038619174
   15.3900000000           0.0038172116
   15.4000000000           0.0037743178
   15.4100000000           0.0037329259
   15.4200000000           0.0036927245
   15.4300000000           0.0036534090
   15.4400000000           0.0036146896
   15.4500000000           0.0035762983
   15.4600000000           0.0035379949
   15.4700000000           0.0034995713
   15.4800000000           0.0034608545
   15.4900000000           0.0034217081
   15.5000000000           0.0033820327
   15.5100000000           0.0033417659
   15.5200000000           0.0033008814
   15.5300000000           0.0032593877
   15.5400000000           0.0032173265
   15.5500000000           0.0031747697
   15.5600000000           0.0031318160
   15.5700000000           0.0030885866
   15.5800000000           0.0030452194
   15.5900000000           0.0030018634
   15.6000000000           0.0029586729
   15.6100000000           0.0029158016
   15.6200000000           0.0028733977
   15.6300000000           0.0028315998
   15.6400000000           0.0027905335
   15.6500000000           0.0027503094
   15.6600000000           0.0027110215
   15.6700000000           0.0026727466
   15.6800000000           0.0026355440
   15.6900000000           0.0025994566
   15.7000000000           0.0025645110
   15.7100000000           0.0025307197
   15.7200000000           0.0024980825
   15.7300000000           0.0024665885
   15.7400000000           0.0024362184
   15.7500000000           0.0024069465
   15.7600000000           0.0023787429
   15.7700000000           0.0023515756
   15.7800000000           0.0023254115
   15.7900000000           0.0023002181
   15.8000000000           0.0022759635
   15.8100000000           0.0022526173
   15.8200000000           0.0022301499
   15.8300000000           0.0022085327
   15.8400000000           0.0021877367
   15.8500000000           0.0021677330
   15.8600000000           0.0021484914
   15.8700000000           0.0021299807
   15.8800000000           0.0021121682
   15.8900000000           0.0020950201
   15.9000000000           0.0020785021
   15.9100000000           0.0020625795
   15.9200000000           0.0020472181
   15.9300000000           0.0020323852
   15.9400000000           0.0020180496
   15.9500000000           0.0020041826
   15.9600000000           0.0019907581
   15.9700000000           0.0019777523
   15.9800000000           0.0019651441
   15.9900000000           0.0019529142
   16.0000000000           0.0019410453
   16.0100000000           0.0019295210
   16.0200000000           0.0019183261
   16.0300000000           0.0019074460
   16.0400000000           0.0018968667
   16.0500000000           0.0018865749
   16.0600000000           0.0018765581
   16.0700000000           0.0018668050
   16.0800000000           0.0018573051
   16.0900000000           0.0018480495
   16.1000000000           0.0018390303
   16.1100000000           0.0018302408
   16.1200000000           0.0018216751
   16.1300000000           0.0018133280
   16.1400000000           0.0018051945
   16.1500000000           0.0017972694
   16.1600000000           0.0017895471
   16.1700000000           0.0017820212
   16.1800000000           0.0017746846
   16.1900000000           0.0017675289
   16.2000000000           0.0017605451
   16.2100000000           0.0017537233
   16.2200000000           0.0017470536
   16.2300000000           0.0017405259
   16.2400000000           0.0017341312
   16.2500000000           0.0017278614
   16.2600000000           0.0017217101
   16.2700000000           0.0017156730
   16.2800000000           0.0017097476
   16.2900000000           0.0017039337
   16.3000000000           0.0016982330
   16.3100000000           0.0016926487
   16.3200000000           0.0016871849
   16.3300000000           0.0016818464
   16.3400000000           0.0016766378
   16.3500000000           0.0016715637
   16.3600000000           0.0016666275
   16.3700000000           0.0016618318
   16.3800000000           0.0016571783
   16.3900000000           0.0016526676
   16.4000000000           0.0016482998
   16.4100000000           0.0016440744
   16.4200000000           0.0016399910
   16.4300000000           0.0016360495
   16.4400000000           0.0016322508
   16.4500000000           0.0016285969
   16.4600000000           0.0016250913
   16.4700000000           0.0016217390
   16.4800000000           0.0016185470
   16.4900000000           0.0016155235
   16.5000000000           0.0016126782
   16.5100000000           0.0016100214
   16.5200000000           0.0016075634
   16.5300000000           0.0016053143
   16.5400000000           0.0016032823
   16.5500000000           0.0016014740
   16.5600000000           0.0015998928
   16.5700000000           0.0015985391
   16.5800000000           0.0015974093
   16.5900000000           0.0015964957
   16.6000000000           0.0015957864
   16.6100000000           0.0015952657
   16.6200000000           0.0015949139
   16.6300000000           0.0015947083
   16.6400000000           0.0015946241
   16.6500000000           0.0015946347
   16.6600000000           0.0015947134
   16.6700000000           0.0015948339
   16.6800000000           0.0015949721
   16.6900000000           0.0015951060
   16.7000000000           0.0015952172
   16.7100000000           0.0015952910
   16.7200000000           0.0015953167
   16.7300000000           0.0015952873
   16.7400000000           0.0015951995
   16.7500000000           0.0015950527
   16.7600000000           0.0015948491
   16.7700000000           0.0015945926
   16.7800000000           0.0015942888
   16.7900000000           0.0015939445
   16.8000000000           0.0015935673
   16.8100000000           0.0015931658
   16.8200000000           0.0015927495
   16.8300000000           0.0015923283
   16.8400000000           0.0015919127
   16.8500000000           0.0015915135
   16.8600000000           0.0015911415
   16.8700000000           0.0015908073
   16.8800000000           0.0015905209
   16.8900000000           0.0015902908
   16.9000000000           0.0015901239
   16.9100000000           0.0015900240
   16.9200000000           0.0015899913
   16.9300000000           0.0015900208
   16.9400000000           0.0015901014
   16.9500000000           0.0015902154
   16.9600000000           0.0015903375
   16.9700000000           0.0015904358
   16.9800000000           0.0015904723
   16.9900000000           0.0015904052
   17.0000000000           0.0015901909
   17.0100000000           0.0015897875
   17.0200000000           0.0015891578
   17.0300000000           0.0015882723
   17.0400000000           0.0015871120
   17.0500000000           0.0015856701
   17.0600000000           0.0015839529
   17.0700000000           0.0015819792
   17.0800000000           0.0015797798
   17.0900000000           0.0015773949
   17.1000000000           0.0015748717
   17.1100000000           0.0015722620
   17.1200000000           0.0015696192
   17.1300000000           0.0015669960
   17.1400000000           0.0015644430
   17.1500000000           0.0015620068
   17.1600000000           0.0015597298
   17.1700000000           0.0015576500
   17.1800000000           0.0015558014
   17.1900000000           0.0015542140
   17.2000000000           0.0015529151
   17.2100000000           0.0015519290
   17.2200000000           0.0015512774
   17.2300000000           0.0015509793
   17.2400000000           0.0015510503
   17.2500000000           0.0015515021
   17.2600000000           0.0015523415
   17.2700000000           0.0015535693
   17.2800000000           0.0015551792
   17.2900000000           0.0015571570
   17.3000000000           0.0015594798
   17.3100000000           0.0015621155
   17.3200000000           0.0015650225
   17.3300000000           0.0015681496
   17.3400000000           0.0015714371
   17.3500000000           0.0015748172
   17.3600000000           0.0015782154
   17.3700000000           0.0015815525
   17.3800000000           0.0015847465
   17.3900000000           0.0015877156
   17.4000000000           0.0015903814
   17.4100000000           0.0015926722
   17.4200000000           0.0015945272
   17.4300000000           0.0015958998
   17.4400000000           0.0015967607
   17.4500000000           0.0015971011
   17.4600000000           0.0015969334
   17.4700000000           0.0015962912
   17.4800000000           0.0015952282
   17.4900000000           0.0015938154
   17.5000000000           0.0015921369
   17.5100000000           0.0015902852
   17.5200000000           0.0015883567
   17.5300000000           0.0015864465
   17.5400000000           0.0015846437
   17.5500000000           0.0015830277
   17.5600000000           0.0015816647
   17.5700000000           0.0015806059
   17.5800000000           0.0015798853
   17.5900000000           0.0015795194
   17.6000000000           0.0015795066
   17.6100000000           0.0015798280
   17.6200000000           0.0015804486
   17.6300000000           0.0015813184
   17.6400000000           0.0015823752
   17.6500000000           0.0015835472
   17.6600000000           0.0015847559
   17.6700000000           0.0015859198
   17.6800000000           0.0015869580
   17.6900000000           0.0015877939
   17.7000000000           0.0015883585
   17.7100000000           0.0015885937
   17.7200000000           0.0015884540
   17.7300000000           0.0015879088
   17.7400000000           0.0015869426
   17.7500000000           0.0015855553
   17.7600000000           0.0015837617
   17.7700000000           0.0015815895
   17.7800000000           0.0015790777
   17.7900000000           0.0015762747
   17.8000000000           0.0015732356
   17.8100000000           0.0015700198
   17.8200000000           0.0015666894
   17.8300000000           0.0015633074
   17.8400000000           0.0015599363
   17.8500000000           0.0015566379
   17.8600000000           0.0015534721
   17.8700000000           0.0015504975
   17.8800000000           0.0015477706
   17.8900000000           0.0015453453
   17.9000000000           0.0015432727
   17.9100000000           0.0015415994
   17.9200000000           0.0015403666
   17.9300000000           0.0015396076
   17.9400000000           0.0015393470
   17.9500000000           0.0015395978
   17.9600000000           0.0015403600
   17.9700000000           0.0015416187
   17.9800000000           0.0015433427
   17.9900000000           0.0015454828
   18.0000000000           0.0015479709
   18.0100000000           0.0015507191
   18.0200000000           0.0015536197
   18.0300000000           0.0015565456
   18.0400000000           0.0015593522
   18.0500000000           0.0015618793
   18.0600000000           0.0015639561
   18.0700000000           0.0015654061
   18.0800000000           0.0015660539
   18.0900000000           0.0015657331
   18.1000000000           0.0015642943
   18.1100000000           0.0015616132
   18.1200000000           0.0015575972
   18.1300000000           0.0015521911
   18.1400000000           0.0015453799
   18.1500000000           0.0015371894
   18.1600000000           0.0015276837
   18.1700000000           0.0015169609
   18.1800000000           0.0015051467
   18.1900000000           0.0014923864
   18.2000000000           0.0014788374
   18.2100000000           0.0014646611
   18.2200000000           0.0014500157
   18.2300000000           0.0014350507
   18.2400000000           0.0014199025
   18.2500000000           0.0014046909
   18.2600000000           0.0013895182
   18.2700000000           0.0013744685
   18.2800000000           0.0013596085
   18.2900000000           0.0013449892
   18.3000000000           0.0013306480
   18.3100000000           0.0013166113
   18.3200000000           0.0013028966
   18.3300000000           0.0012895153
   18.3400000000           0.0012764746
   18.3500000000           0.0012637789
   18.3600000000           0.0012514314
   18.3700000000           0.0012394344
   18.3800000000           0.0012277896
   18.3900000000           0.0012164983
   18.4000000000           0.0012055608
   18.4100000000           0.0011949761
   18.4200000000           0.0011847419
   18.4300000000           0.0011748537
   18.4400000000           0.0011653053
   18.4500000000           0.0011560887
   18.4600000000           0.0011471939
   18.4700000000           0.0011386098
   18.4800000000           0.0011303240
   18.4900000000           0.0011223238
   18.5000000000           0.0011145959
   18.5100000000           0.0011071277
   18.5200000000           0.0010999067
   18.5300000000           0.0010929213
   18.5400000000           0.0010861609
   18.5500000000           0.0010796159
   18.5600000000           0.0010732777
   18.5700000000           0.0010671388
   18.5800000000           0.0010611926
   18.5900000000           0.0010554334
   18.6000000000           0.0010498560
   18.6100000000           0.0010444558
   18.6200000000           0.0010392287
   18.6300000000           0.0010341706
   18.6400000000           0.0010292778
   18.6500000000           0.0010245463
   18.6600000000           0.0010199722
   18.6700000000           0.0010155512
   18.6800000000           0.0010112791
   18.6900000000           0.0010071511
   18.7000000000           0.0010031623
   18.7100000000           0.0009993073
   18.7200000000           0.0009955808
   18.7300000000           0.0009919770
   18.7400000000           0.0009884897
   18.7500000000           0.0009851130
   18.7600000000           0.0009818406
   18.7700000000           0.0009786663
   18.7800000000           0.0009755838
   18.7900000000           0.0009725870
   18.8000000000           0.0009696700
   18.8100000000           0.0009668270
   18.8200000000           0.0009640524
   18.8300000000           0.0009613411
   18.8400000000           0.0009586880
   18.8500000000           0.0009560885
   18.8600000000           0.0009535383
   18.8700000000           0.0009510333
   18.8800000000           0.0009485699
   18.8900000000           0.0009461449
   18.9000000000           0.0009437554
   18.9100000000           0.0009413989
   18.9200000000           0.0009390734
   18.9300000000           0.0009367774
   18.9400000000           0.0009345097
   18.9500000000           0.0009322696
   18.9600000000           0.0009300568
   18.9700000000           0.0009278712
   18.9800000000           0.0009257130
   18.9900000000           0.0009235830
   19.0000000000           0.0009214817
   19.0100000000           0.0009194100
   19.0200000000           0.0009173691
   19.0300000000           0.0009153600
   19.0400000000           0.0009133843
   19.0500000000           0.0009114434
   19.0600000000           0.0009095392
   19.0700000000           0.0009076737
   19.0800000000           0.0009058492
   19.0900000000           0.0009040680
   19.1000000000           0.0009023328
   19.1100000000           0.0009006463
   19.1200000000           0.0008990113
   19.1300000000           0.0008974305
   19.1400000000           0.0008959065
   19.1500000000           0.0008944421
   19.1600000000           0.0008930396
   19.1700000000           0.0008917013
   19.1800000000           0.0008904292
   19.1900000000           0.0008892254
   19.2000000000           0.0008880913
   19.2100000000           0.0008870283
   19.2200000000           0.0008860374
   19.2300000000           0.0008851193
   19.2400000000           0.0008842740
   19.2500000000           0.0008835009
   19.2600000000           0.0008827990
   19.2700000000           0.0008821659
   19.2800000000           0.0008815983
   19.2900000000           0.0008810919
   19.3000000000           0.0008806404
   19.3100000000           0.0008802362
   19.3200000000           0.0008798696
   19.3300000000           0.0008795288
   19.3400000000           0.0008792002
   19.3500000000           0.0008788675
   19.3600000000           0.0008785125
   19.3700000000           0.0008781152
   19.3800000000           0.0008776537
   19.3900000000           0.0008771051
   19.4000000000           0.0008764462
   19.4100000000           0.0008756540
   19.4200000000           0.0008747070
   19.4300000000           0.0008735865
   19.4400000000           0.0008722770
   19.4500000000           0.0008707676
   19.4600000000           0.0008690531
   19.4700000000           0.0008671335
   19.4800000000           0.0008650150
   19.4900000000           0.0008627091
   19.5000000000           0.0008602321
   19.5100000000           0.0008576041
   19.5200000000           0.0008548478
   19.5300000000           0.0008519874
   19.5400000000           0.0008490474
   19.5500000000           0.0008460516
   19.5600000000           0.0008430223
   19.5700000000           0.0008399796
   19.5800000000           0.0008369414
   19.5900000000           0.0008339228
   19.6000000000           0.0008309361
   19.6100000000           0.0008279914
   19.6200000000           0.0008250962
   19.6300000000           0.0008222559
   19.6400000000           0.0008194743
   19.6500000000           0.0008167532
   19.6600000000           0.0008140936
   19.6700000000           0.0008114952
   19.6800000000           0.0008089568
   19.6900000000           0.0008064769
   19.7000000000           0.0008040533
   19.7100000000           0.0008016837
   19.7200000000           0.0007993655
   19.7300000000           0.0007970962
   19.7400000000           0.0007948732
   19.7500000000           0.0007926942
   19.7600000000           0.0007905568
   19.7700000000           0.0007884590
   19.7800000000           0.0007863989
   19.7900000000           0.0007843749
   19.8000000000           0.0007823857
   19.8100000000           0.0007804300
   19.8200000000           0.0007785070
   19.8300000000           0.0007766159
   19.8400000000           0.0007747560
   19.8500000000           0.0007729268
   19.8600000000           0.0007711279
   19.8700000000           0.0007693587
   19.8800000000           0.0007676187
   19.8900000000           0.0007659074
   19.9000000000           0.0007642242
   19.9100000000           0.0007625682
   19.9200000000           0.0007609389
   19.9300000000           0.0007593353
   19.9400000000           0.0007577565
   19.9500000000           0.0007562017
   19.9600000000           0.0007546698
   19.9700000000           0.0007531599
   19.9800000000           0.0007516712
   19.9900000000           0.0007502025
   20.0000000000           0.0007487532
