# Energy loss (eV)	Intensity (arb. units)
   -1.0000000000           0.0203764835
   -0.9900000000           0.0207214643
   -0.9800000000           0.0210761175
   -0.9700000000           0.0214408119
   -0.9600000000           0.0218159341
   -0.9500000000           0.0222018892
   -0.9400000000           0.0225991022
   -0.9300000000           0.0230080186
   -0.9200000000           0.0234291061
   -0.9100000000           0.0238628558
   -0.9000000000           0.0243097834
   -0.8900000000           0.0247704308
   -0.8800000000           0.0252453677
   -0.8700000000           0.0257351932
   -0.8600000000           0.0262405380
   -0.8500000000           0.0267620656
   -0.8400000000           0.0273004750
   -0.8300000000           0.0278565028
   -0.8200000000           0.0284309253
   -0.8100000000           0.0290245615
   -0.8000000000           0.0296382754
   -0.7900000000           0.0302729795
   -0.7800000000           0.0309296372
   -0.7700000000           0.0316092669
   -0.7600000000           0.0323129455
   -0.7500000000           0.0330418121
   -0.7400000000           0.0337970725
   -0.7300000000           0.0345800037
   -0.7200000000           0.0353919586
   -0.7100000000           0.0362343718
   -0.7000000000           0.0371087650
   -0.6900000000           0.0380167532
   -0.6800000000           0.0389600514
   -0.6700000000           0.0399404818
   -0.6600000000           0.0409599820
   -0.6500000000           0.0420206125
   -0.6400000000           0.0431245667
   -0.6300000000           0.0442741805
   -0.6200000000           0.0454719427
   -0.6100000000           0.0467205065
   -0.6000000000           0.0480227026
   -0.5900000000           0.0493815519
   -0.5800000000           0.0508002805
   -0.5700000000           0.0522823354
   -0.5600000000           0.0538314018
   -0.5500000000           0.0554514210
   -0.5400000000           0.0571466109
   -0.5300000000           0.0589214874
   -0.5200000000           0.0607808876
   -0.5100000000           0.0627299946
   -0.5000000000           0.0647743651
   -0.4900000000           0.0669199578
   -0.4800000000           0.0691731648
   -0.4700000000           0.0715408446
   -0.4600000000           0.0740303582
   -0.4500000000           0.0766496059
   -0.4400000000           0.0794070678
   -0.4300000000           0.0823118457
   -0.4200000000           0.0853737065
   -0.4100000000           0.0886031280
   -0.4000000000           0.0920113448
   -0.3900000000           0.0956103952
   -0.3800000000           0.0994131672
   -0.3700000000           0.1034334429
   -0.3600000000           0.1076859387
   -0.3500000000           0.1121863401
   -0.3400000000           0.1169513278
   -0.3300000000           0.1219985909
   -0.3200000000           0.1273468232
   -0.3100000000           0.1330156959
   -0.3000000000           0.1390257996
   -0.2900000000           0.1453985466
   -0.2800000000           0.1521560205
   -0.2700000000           0.1593207616
   -0.2600000000           0.1669154689
   -0.2500000000           0.1749626007
   -0.2400000000           0.1834838494
   -0.2300000000           0.1924994648
   -0.2200000000           0.2020273975
   -0.2100000000           0.2120822302
   -0.2000000000           0.2226738667
   -0.1900000000           0.2338059515
   -0.1800000000           0.2454739975
   -0.1700000000           0.2576632168
   -0.1600000000           0.2703460683
   -0.1500000000           0.2834795703
   -0.1400000000           0.2970024698
   -0.1300000000           0.3108324217
   -0.1200000000           0.3248633966
   -0.1100000000           0.3389636176
   -0.1000000000           0.3529743981
   -0.0900000000           0.3667103110
   -0.0800000000           0.3799611344
   -0.0700000000           0.3924959754
   -0.0600000000           0.4040698377
   -0.0500000000           0.4144326688
   -0.0400000000           0.4233405998
   -0.0300000000           0.4305687104
   -0.0200000000           0.4359242839
   -0.0100000000           0.4392592404
    0.0000000000           0.4404803422
    0.0100000000           0.4395559086
    0.0200000000           0.4365181594
    0.0300000000           0.4314608740
    0.0400000000           0.4245326791
    0.0500000000           0.4159268457
    0.0600000000           0.4058688588
    0.0700000000           0.3946031653
    0.0800000000           0.3823804109
    0.0900000000           0.3694462040
    0.1000000000           0.3560320711
    0.1100000000           0.3423488919
    0.1200000000           0.3285827793
    0.1300000000           0.3148931365
    0.1400000000           0.3014124913
    0.1500000000           0.2882476616
    0.1600000000           0.2754818226
    0.1700000000           0.2631771019
    0.1800000000           0.2513774052
    0.1900000000           0.2401112495
    0.2000000000           0.2293944548
    0.2100000000           0.2192325999
    0.2200000000           0.2096231951
    0.2300000000           0.2005575568
    0.2400000000           0.1920223909
    0.2500000000           0.1840011046
    0.2600000000           0.1764748756
    0.2700000000           0.1694235072
    0.2800000000           0.1628261020
    0.2900000000           0.1566615803
    0.3000000000           0.1509090701
    0.3100000000           0.1455481906
    0.3200000000           0.1405592477
    0.3300000000           0.1359233567
    0.3400000000           0.1316225049
    0.3500000000           0.1276395642
    0.3600000000           0.1239582594
    0.3700000000           0.1205630996
    0.3800000000           0.1174392750
    0.3900000000           0.1145725229
    0.4000000000           0.1119489642
    0.4100000000           0.1095549134
    0.4200000000           0.1073766648
    0.4300000000           0.1054002604
    0.4400000000           0.1036112451
    0.4500000000           0.1019944230
    0.4600000000           0.1005336275
    0.4700000000           0.0992115286
    0.4800000000           0.0980095013
    0.4900000000           0.0969075869
    0.5000000000           0.0958845769
    0.5100000000           0.0949182501
    0.5200000000           0.0939857815
    0.5300000000           0.0930643283
    0.5400000000           0.0921317752
    0.5500000000           0.0911675959
    0.5600000000           0.0901537592
    0.5700000000           0.0890755909
    0.5800000000           0.0879224911
    0.5900000000           0.0866884177
    0.6000000000           0.0853720695
    0.6100000000           0.0839767418
    0.6200000000           0.0825098730
    0.6300000000           0.0809823386
    0.6400000000           0.0794075791
    0.6500000000           0.0778006614
    0.6600000000           0.0761773652
    0.6700000000           0.0745533708
    0.6800000000           0.0729435974
    0.6900000000           0.0713617151
    0.7000000000           0.0698198300
    0.7100000000           0.0683283245
    0.7200000000           0.0668958259
    0.7300000000           0.0655292718
    0.7400000000           0.0642340413
    0.7500000000           0.0630141244
    0.7600000000           0.0618723094
    0.7700000000           0.0608103702
    0.7800000000           0.0598292427
    0.7900000000           0.0589291823
    0.8000000000           0.0581098997
    0.8100000000           0.0573706713
    0.8200000000           0.0567104267
    0.8300000000           0.0561278116
    0.8400000000           0.0556212311
    0.8500000000           0.0551888737
    0.8600000000           0.0548287213
    0.8700000000           0.0545385472
    0.8800000000           0.0543159099
    0.8900000000           0.0541581448
    0.9000000000           0.0540623636
    0.9100000000           0.0540254663
    0.9200000000           0.0540441749
    0.9300000000           0.0541150928
    0.9400000000           0.0542347964
    0.9500000000           0.0543999595
    0.9600000000           0.0546075042
    0.9700000000           0.0548547724
    0.9800000000           0.0551396998
    0.9900000000           0.0554609731
    1.0000000000           0.0558181497
    1.0100000000           0.0562117193
    1.0200000000           0.0566430913
    1.0300000000           0.0571145021
    1.0400000000           0.0576288429
    1.0500000000           0.0581894192
    1.0600000000           0.0587996577
    1.0700000000           0.0594627808
    1.0800000000           0.0601814688
    1.0900000000           0.0609575274
    1.1000000000           0.0617915759
    1.1100000000           0.0626827710
    1.1200000000           0.0636285768
    1.1300000000           0.0646245973
    1.1400000000           0.0656644868
    1.1500000000           0.0667399584
    1.1600000000           0.0678409109
    1.1700000000           0.0689556931
    1.1800000000           0.0700715185
    1.1900000000           0.0711750269
    1.2000000000           0.0722529759
    1.2100000000           0.0732930164
    1.2200000000           0.0742844876
    1.2300000000           0.0752191482
    1.2400000000           0.0760917511
    1.2500000000           0.0769003821
    1.2600000000           0.0776465010
    1.2700000000           0.0783346640
    1.2800000000           0.0789719448
    1.2900000000           0.0795671112
    1.3000000000           0.0801296448
    1.3100000000           0.0806687027
    1.3200000000           0.0811921264
    1.3300000000           0.0817055862
    1.3400000000           0.0822119382
    1.3500000000           0.0827108460
    1.3600000000           0.0831987017
    1.3700000000           0.0836688595
    1.3800000000           0.0841121738
    1.3900000000           0.0845178102
    1.4000000000           0.0848742744
    1.4100000000           0.0851705733
    1.4200000000           0.0853974037
    1.4300000000           0.0855482469
    1.4400000000           0.0856202508
    1.4500000000           0.0856147987
    1.4600000000           0.0855377029
    1.4700000000           0.0853990039
    1.4800000000           0.0852124139
    1.4900000000           0.0849944757
    1.5000000000           0.0847635431
    1.5100000000           0.0845386885
    1.5200000000           0.0843386379
    1.5300000000           0.0841808077
    1.5400000000           0.0840804923
    1.5500000000           0.0840502225
    1.5600000000           0.0840992962
    1.5700000000           0.0842334715
    1.5800000000           0.0844548053
    1.5900000000           0.0847616276
    1.6000000000           0.0851486446
    1.6100000000           0.0856071727
    1.6200000000           0.0861255135
    1.6300000000           0.0866894762
    1.6400000000           0.0872830554
    1.6500000000           0.0878892528
    1.6600000000           0.0884910187
    1.6700000000           0.0890722625
    1.6800000000           0.0896188585
    1.6900000000           0.0901195576
    1.7000000000           0.0905667067
    1.7100000000           0.0909566852
    1.7200000000           0.0912899947
    1.7300000000           0.0915709707
    1.7400000000           0.0918071327
    1.7500000000           0.0920082278
    1.7600000000           0.0921850592
    1.7700000000           0.0923482072
    1.7800000000           0.0925067563
    1.7900000000           0.0926671310
    1.8000000000           0.0928321294
    1.8100000000           0.0930002220
    1.8200000000           0.0931651666
    1.8300000000           0.0933159748
    1.8400000000           0.0934372495
    1.8500000000           0.0935098946
    1.8600000000           0.0935121764
    1.8700000000           0.0934210848
    1.8800000000           0.0932139073
    1.8900000000           0.0928698906
    1.9000000000           0.0923718385
    1.9100000000           0.0917074813
    1.9200000000           0.0908704659
    1.9300000000           0.0898608550
    1.9400000000           0.0886850842
    1.9500000000           0.0873553992
    1.9600000000           0.0858888599
    1.9700000000           0.0843060494
    1.9800000000           0.0826296511
    1.9900000000           0.0808830475
    2.0000000000           0.0790890748
    2.0100000000           0.0772690197
    2.0200000000           0.0754419040
    2.0300000000           0.0736240604
    2.0400000000           0.0718289691
    2.0500000000           0.0700673067
    2.0600000000           0.0683471456
    2.0700000000           0.0666742452
    2.0800000000           0.0650523822
    2.0900000000           0.0634836786
    2.1000000000           0.0619689054
    2.1100000000           0.0605077490
    2.1200000000           0.0590990430
    2.1300000000           0.0577409758
    2.1400000000           0.0564312826
    2.1500000000           0.0551674342
    2.1600000000           0.0539468223
    2.1700000000           0.0527669402
    2.1800000000           0.0516255470
    2.1900000000           0.0505208028
    2.2000000000           0.0494513616
    2.2100000000           0.0484164131
    2.2200000000           0.0474156713
    2.2300000000           0.0464493139
    2.2400000000           0.0455178852
    2.2500000000           0.0446221754
    2.2600000000           0.0437630930
    2.2700000000           0.0429415447
    2.2800000000           0.0421583319
    2.2900000000           0.0414140702
    2.3000000000           0.0407091342
    2.3100000000           0.0400436254
    2.3200000000           0.0394173604
    2.3300000000           0.0388298741
    2.3400000000           0.0382804344
    2.3500000000           0.0377680632
    2.3600000000           0.0372915622
    2.3700000000           0.0368495404
    2.3800000000           0.0364404439
    2.3900000000           0.0360625863
    2.4000000000           0.0357141824
    2.4100000000           0.0353933843
    2.4200000000           0.0350983209
    2.4300000000           0.0348271411
    2.4400000000           0.0345780586
    2.4500000000           0.0343493965
    2.4600000000           0.0341396283
    2.4700000000           0.0339474111
    2.4800000000           0.0337716080
    2.4900000000           0.0336112952
    2.5000000000           0.0334657546
    2.5100000000           0.0333344514
    2.5200000000           0.0332169990
    2.5300000000           0.0331131166
    2.5400000000           0.0330225841
    2.5500000000           0.0329451993
    2.5600000000           0.0328807437
    2.5700000000           0.0328289583
    2.5800000000           0.0327895333
    2.5900000000           0.0327621124
    2.6000000000           0.0327463085
    2.6100000000           0.0327417315
    2.6200000000           0.0327480221
    2.6300000000           0.0327648876
    2.6400000000           0.0327921357
    2.6500000000           0.0328297018
    2.6600000000           0.0328776650
    2.6700000000           0.0329362538
    2.6800000000           0.0330058381
    2.6900000000           0.0330869127
    2.7000000000           0.0331800719
    2.7100000000           0.0332859807
    2.7200000000           0.0334053456
    2.7300000000           0.0335388870
    2.7400000000           0.0336873165
    2.7500000000           0.0338513193
    2.7600000000           0.0340315418
    2.7700000000           0.0342285843
    2.7800000000           0.0344429970
    2.7900000000           0.0346752797
    2.8000000000           0.0349258815
    2.8100000000           0.0351952028
    2.8200000000           0.0354835954
    2.8300000000           0.0357913633
    2.8400000000           0.0361187617
    2.8500000000           0.0364659946
    2.8600000000           0.0368332118
    2.8700000000           0.0372205034
    2.8800000000           0.0376278925
    2.8900000000           0.0380553252
    2.9000000000           0.0385026573
    2.9100000000           0.0389696363
    2.9200000000           0.0394558803
    2.9300000000           0.0399608514
    2.9400000000           0.0404838276
    2.9500000000           0.0410238724
    2.9600000000           0.0415798078
    2.9700000000           0.0421501927
    2.9800000000           0.0427333123
    2.9900000000           0.0433271825
    3.0000000000           0.0439295735
    3.0100000000           0.0445380546
    3.0200000000           0.0451500635
    3.0300000000           0.0457629978
    3.0400000000           0.0463743271
    3.0500000000           0.0469817205
    3.0600000000           0.0475831830
    3.0700000000           0.0481771899
    3.0800000000           0.0487628101
    3.0900000000           0.0493398047
    3.1000000000           0.0499086917
    3.1100000000           0.0504707684
    3.1200000000           0.0510280870
    3.1300000000           0.0515833860
    3.1400000000           0.0521399833
    3.1500000000           0.0527016435
    3.1600000000           0.0532724308
    3.1700000000           0.0538565644
    3.1800000000           0.0544582860
    3.1900000000           0.0550817500
    3.2000000000           0.0557309403
    3.2100000000           0.0564096152
    3.2200000000           0.0571212785
    3.2300000000           0.0578691735
    3.2400000000           0.0586562929
    3.2500000000           0.0594854034
    3.2600000000           0.0603590772
    3.2700000000           0.0612797297
    3.2800000000           0.0622496603
    3.2900000000           0.0632710936
    3.3000000000           0.0643462221
    3.3100000000           0.0654772466
    3.3200000000           0.0666664171
    3.3300000000           0.0679160698
    3.3400000000           0.0692286627
    3.3500000000           0.0706068071
    3.3600000000           0.0720532961
    3.3700000000           0.0735711290
    3.3800000000           0.0751635322
    3.3900000000           0.0768339781
    3.4000000000           0.0785862013
    3.4100000000           0.0804242144
    3.4200000000           0.0823523240
    3.4300000000           0.0843751475
    3.4400000000           0.0864976323
    3.4500000000           0.0887250762
    3.4600000000           0.0910631522
    3.4700000000           0.0935179344
    3.4800000000           0.0960959284
    3.4900000000           0.0988041039
    3.5000000000           0.1016499310
    3.5100000000           0.1046414198
    3.5200000000           0.1077871635
    3.5300000000           0.1110963853
    3.5400000000           0.1145789902
    3.5500000000           0.1182456200
    3.5600000000           0.1221077138
    3.5700000000           0.1261775726
    3.5800000000           0.1304684277
    3.5900000000           0.1349945126
    3.6000000000           0.1397711370
    3.6100000000           0.1448147615
    3.6200000000           0.1501430707
    3.6300000000           0.1557750427
    3.6400000000           0.1617310126
    3.6500000000           0.1680327269
    3.6600000000           0.1747033855
    3.6700000000           0.1817676670
    3.6800000000           0.1892517330
    3.6900000000           0.1971832037
    3.7000000000           0.2055910971
    3.7100000000           0.2145057203
    3.7200000000           0.2239584992
    3.7300000000           0.2339817296
    3.7400000000           0.2446082268
    3.7500000000           0.2558708509
    3.7600000000           0.2678018751
    3.7700000000           0.2804321637
    3.7800000000           0.2937901213
    3.7900000000           0.3079003693
    3.8000000000           0.3227821083
    3.8100000000           0.3384471215
    3.8200000000           0.3548973857
    3.8300000000           0.3721222658
    3.8400000000           0.3900952948
    3.8500000000           0.4087705774
    3.8600000000           0.4280789044
    3.8700000000           0.4479237395
    3.8800000000           0.4681773231
    3.8900000000           0.4886772406
    3.9000000000           0.5092239083
    3.9100000000           0.5295795227
    3.9200000000           0.5494690789
    3.9300000000           0.5685840537
    3.9400000000           0.5865892456
    3.9500000000           0.6031330337
    3.9600000000           0.6178609612
    3.9700000000           0.6304320814
    3.9800000000           0.6405369981
    3.9900000000           0.6479160706
    4.0000000000           0.6523759587
    4.0100000000           0.6538026511
    4.0200000000           0.6521694059
    4.0300000000           0.6475386059
    4.0400000000           0.6400573101
    4.0500000000           0.6299470889
    4.0600000000           0.6174894261
    4.0700000000           0.6030084063
    4.0800000000           0.5868525396
    4.0900000000           0.5693774127
    4.1000000000           0.5509304869
    4.1100000000           0.5318388810
    4.1200000000           0.5124004952
    4.1300000000           0.4928784211
    4.1400000000           0.4734982858
    4.1500000000           0.4544480027
    4.1600000000           0.4358793395
    4.1700000000           0.4179107285
    4.1800000000           0.4006308163
    4.1900000000           0.3841023433
    4.2000000000           0.3683660475
    4.2100000000           0.3534443792
    4.2200000000           0.3393448937
    4.2300000000           0.3260632526
    4.2400000000           0.3135858101
    4.2500000000           0.3018917956
    4.2600000000           0.2909551215
    4.2700000000           0.2807458614
    4.2800000000           0.2712314480
    4.2900000000           0.2623776406
    4.3000000000           0.2541493104
    4.3100000000           0.2465110875
    4.3200000000           0.2394279037
    4.3300000000           0.2328654585
    4.3400000000           0.2267906237
    4.3500000000           0.2211717946
    4.3600000000           0.2159791849
    4.3700000000           0.2111850593
    4.3800000000           0.2067638961
    4.3900000000           0.2026924728
    4.4000000000           0.1989498760
    4.4100000000           0.1955174423
    4.4200000000           0.1923786430
    4.4300000000           0.1895189277
    4.4400000000           0.1869255408
    4.4500000000           0.1845873146
    4.4600000000           0.1824944372
    4.4700000000           0.1806381819
    4.4800000000           0.1790105801
    4.4900000000           0.1776040213
    4.5000000000           0.1764107706
    4.5100000000           0.1754224071
    4.5200000000           0.1746292042
    4.5300000000           0.1740194860
    4.5400000000           0.1735790127
    4.5500000000           0.1732904546
    4.5600000000           0.1731330250
    4.5700000000           0.1730823403
    4.5800000000           0.1731105726
    4.5900000000           0.1731869460
    4.6000000000           0.1732786042
    4.6100000000           0.1733518427
    4.6200000000           0.1733736506
    4.6300000000           0.1733134599
    4.6400000000           0.1731449493
    4.6500000000           0.1728477158
    4.6600000000           0.1724086215
    4.6700000000           0.1718226433
    4.6800000000           0.1710931120
    4.6900000000           0.1702313039
    4.7000000000           0.1692554332
    4.7100000000           0.1681891717
    4.7200000000           0.1670598670
    4.7300000000           0.1658966521
    4.7400000000           0.1647286219
    4.7500000000           0.1635832157
    4.7600000000           0.1624848978
    4.7700000000           0.1614541795
    4.7800000000           0.1605069887
    4.7900000000           0.1596543668
    4.8000000000           0.1589024635
    4.8100000000           0.1582527925
    4.8200000000           0.1577027182
    4.8300000000           0.1572461391
    4.8400000000           0.1568743355
    4.8500000000           0.1565769368
    4.8600000000           0.1563429509
    4.8700000000           0.1561617866
    4.8800000000           0.1560241863
    4.8900000000           0.1559229877
    4.9000000000           0.1558536470
    4.9100000000           0.1558144763
    4.9200000000           0.1558065873
    4.9300000000           0.1558335656
    4.9400000000           0.1559009356
    4.9500000000           0.1560154974
    4.9600000000           0.1561846244
    4.9700000000           0.1564156089
    4.9800000000           0.1567151269
    4.9900000000           0.1570888710
    5.0000000000           0.1575413817
    5.0100000000           0.1580760793
    5.0200000000           0.1586954836
    5.0300000000           0.1594015887
    5.0400000000           0.1601963469
    5.0500000000           0.1610822084
    5.0600000000           0.1620626545
    5.0700000000           0.1631426645
    5.0800000000           0.1643290617
    5.0900000000           0.1656306970
    5.1000000000           0.1670584449
    5.1100000000           0.1686250104
    5.1200000000           0.1703445650
    5.1300000000           0.1722322487
    5.1400000000           0.1743035879
    5.1500000000           0.1765738836
    5.1600000000           0.1790576209
    5.1700000000           0.1817679438
    5.1800000000           0.1847162270
    5.1900000000           0.1879117603
    5.2000000000           0.1913615542
    5.2100000000           0.1950702582
    5.2200000000           0.1990401766
    5.2300000000           0.2032713625
    5.2400000000           0.2077617601
    5.2500000000           0.2125073689
    5.2600000000           0.2175024042
    5.2700000000           0.2227394326
    5.2800000000           0.2282094717
    5.2900000000           0.2339020525
    5.3000000000           0.2398052519
    5.3100000000           0.2459057062
    5.3200000000           0.2521886166
    5.3300000000           0.2586377533
    5.3400000000           0.2652354562
    5.3500000000           0.2719626262
    5.3600000000           0.2787986999
    5.3700000000           0.2857215973
    5.3800000000           0.2927076408
    5.3900000000           0.2997314356
    5.4000000000           0.3067656988
    5.4100000000           0.3137810108
    5.4200000000           0.3207454530
    5.4300000000           0.3276240940
    5.4400000000           0.3343783064
    5.4500000000           0.3409649403
    5.4600000000           0.3473354414
    5.4700000000           0.3534350789
    5.4800000000           0.3592025055
    5.4900000000           0.3645699041
    5.5000000000           0.3694639503
    5.5100000000           0.3738077394
    5.5200000000           0.3775236955
    5.5300000000           0.3805373161
    5.5400000000           0.3827814458
    5.5500000000           0.3842006449
    5.5600000000           0.3847551550
    5.5700000000           0.3844239880
    5.5800000000           0.3832067660
    5.5900000000           0.3811241107
    5.6000000000           0.3782165817
    5.6100000000           0.3745423522
    5.6200000000           0.3701739545
    5.6300000000           0.3651944961
    5.6400000000           0.3596937485
    5.6500000000           0.3537644423
    5.6600000000           0.3474990144
    5.6700000000           0.3409869446
    5.6800000000           0.3343127369
    5.6900000000           0.3275545335
    5.7000000000           0.3207833062
    5.7100000000           0.3140625435
    5.7200000000           0.3074483361
    5.7300000000           0.3009897572
    5.7400000000           0.2947294336
    5.7500000000           0.2887042165
    5.7600000000           0.2829458768
    5.7700000000           0.2774817715
    5.7800000000           0.2723354520
    5.7900000000           0.2675272018
    5.8000000000           0.2630745049
    5.8100000000           0.2589924502
    5.8200000000           0.2552940813
    5.8300000000           0.2519906969
    5.8400000000           0.2490921099
    5.8500000000           0.2466068673
    5.8600000000           0.2445424397
    5.8700000000           0.2429053820
    5.8800000000           0.2417014731
    5.8900000000           0.2409358364
    5.9000000000           0.2406130450
    5.9100000000           0.2407372115
    5.9200000000           0.2413120641
    5.9300000000           0.2423410098
    5.9400000000           0.2438271860
    5.9500000000           0.2457735053
    5.9600000000           0.2481826984
    5.9700000000           0.2510573626
    5.9800000000           0.2544000220
    5.9900000000           0.2582132065
    6.0000000000           0.2624995500
    6.0100000000           0.2672619082
    6.0200000000           0.2725034862
    6.0300000000           0.2782279634
    6.0400000000           0.2844395945
    6.0500000000           0.2911432630
    6.0600000000           0.2983444587
    6.0700000000           0.3060491467
    6.0800000000           0.3142634934
    6.0900000000           0.3229934079
    6.1000000000           0.3322438570
    6.1100000000           0.3420179056
    6.1200000000           0.3523154467
    6.1300000000           0.3631315941
    6.1400000000           0.3744547470
    6.1500000000           0.3862643747
    6.1600000000           0.3985286240
    6.1700000000           0.4112019136
    6.1800000000           0.4242227337
    6.1900000000           0.4375119227
    6.2000000000           0.4509717187
    6.2100000000           0.4644858901
    6.2200000000           0.4779212132
    6.2300000000           0.4911304811
    6.2400000000           0.5039570977
    6.2500000000           0.5162411308
    6.2600000000           0.5278264897
    6.2700000000           0.5385686922
    6.2800000000           0.5483425228
    6.2900000000           0.5570488106
    6.3000000000           0.5646195920
    6.3100000000           0.5710210781
    6.3200000000           0.5762540973
    6.3300000000           0.5803519907
    6.3400000000           0.5833762344
    6.3500000000           0.5854103143
    6.3600000000           0.5865525334
    6.3700000000           0.5869084848
    6.3800000000           0.5865838714
    6.3900000000           0.5856782222
    6.4000000000           0.5842798695
    6.4100000000           0.5824623562
    6.4200000000           0.5802822623
    6.4300000000           0.5777783127
    6.4400000000           0.5749715670
    6.4500000000           0.5718664920
    6.4600000000           0.5684527654
    6.4700000000           0.5647077271
    6.4800000000           0.5605994419
    6.4900000000           0.5560903443
    6.5000000000           0.5511413864
    6.5100000000           0.5457165113
    6.5200000000           0.5397871526
    6.5300000000           0.5333363582
    6.5400000000           0.5263620889
    6.5500000000           0.5188792825
    6.5600000000           0.5109204060
    6.5700000000           0.5025344142
    6.5800000000           0.4937842596
    6.5900000000           0.4847432974
    6.6000000000           0.4754910609
    6.6100000000           0.4661089240
    6.6200000000           0.4566761267
    6.6300000000           0.4472665258
    6.6400000000           0.4379462895
    6.6500000000           0.4287726026
    6.6600000000           0.4197933201
    6.6700000000           0.4110474043
    6.6800000000           0.4025659261
    6.6900000000           0.3943733861
    6.7000000000           0.3864891274
    6.7100000000           0.3789286493
    6.7200000000           0.3717046923
    6.7300000000           0.3648280277
    6.7400000000           0.3583079459
    6.7500000000           0.3521524895
    6.7600000000           0.3463685045
    6.7700000000           0.3409615951
    6.7800000000           0.3359360608
    6.7900000000           0.3312948712
    6.8000000000           0.3270397103
    6.8100000000           0.3231710902
    6.8200000000           0.3196885067
    6.8300000000           0.3165905947
    6.8400000000           0.3138752262
    6.8500000000           0.3115395016
    6.8600000000           0.3095795929
    6.8700000000           0.3079904212
    6.8800000000           0.3067651782
    6.8900000000           0.3058947256
    6.9000000000           0.3053669359
    6.9100000000           0.3051660528
    6.9200000000           0.3052721624
    6.9300000000           0.3056608634
    6.9400000000           0.3063032094
    6.9500000000           0.3071659652
    6.9600000000           0.3082121775
    6.9700000000           0.3094020096
    6.9800000000           0.3106937381
    6.9900000000           0.3120447776
    7.0000000000           0.3134125826
    7.0100000000           0.3147553027
    7.0200000000           0.3160321227
    7.0300000000           0.3172033043
    7.0400000000           0.3182300417
    7.0500000000           0.3190743245
    7.0600000000           0.3196990413
    7.0700000000           0.3200685425
    7.0800000000           0.3201498070
    7.0900000000           0.3199142277
    7.1000000000           0.3193398841
    7.1100000000           0.3184140262
    7.1200000000           0.3171354008
    7.1300000000           0.3155160275
    7.1400000000           0.3135820869
    7.1500000000           0.3113737145
    7.1600000000           0.3089436561
    7.1700000000           0.3063549121
    7.1800000000           0.3036776319
    7.1900000000           0.3009855885
    7.2000000000           0.2983525761
    7.2100000000           0.2958490218
    7.2200000000           0.2935390171
    7.2300000000           0.2914778832
    7.2400000000           0.2897102933
    7.2500000000           0.2882689140
    7.2600000000           0.2871734888
    7.2700000000           0.2864302811
    7.2800000000           0.2860318032
    7.2900000000           0.2859567884
    7.3000000000           0.2861703990
    7.3100000000           0.2866246958
    7.3200000000           0.2872594279
    7.3300000000           0.2880032184
    7.3400000000           0.2887752271
    7.3500000000           0.2894873568
    7.3600000000           0.2900470361
    7.3700000000           0.2903605575
    7.3800000000           0.2903368777
    7.3900000000           0.2898917046
    7.4000000000           0.2889516126
    7.4100000000           0.2874578644
    7.4200000000           0.2853695915
    7.4300000000           0.2826660038
    7.4400000000           0.2793473820
    7.4500000000           0.2754347310
    7.4600000000           0.2709681258
    7.4700000000           0.2660039357
    7.4800000000           0.2606112312
    7.4900000000           0.2548677477
    7.5000000000           0.2488557851
    7.5100000000           0.2426583801
    7.5200000000           0.2363559995
    7.5300000000           0.2300239057
    7.5400000000           0.2237302445
    7.5500000000           0.2175348274
    7.5600000000           0.2114885210
    7.5700000000           0.2056331270
    7.5800000000           0.2000016263
    7.5900000000           0.1946186702
    7.6000000000           0.1895012184
    7.6100000000           0.1846592487
    7.6200000000           0.1800964874
    7.6300000000           0.1758111295
    7.6400000000           0.1717965373
    7.6500000000           0.1680419156
    7.6600000000           0.1645329712
    7.6700000000           0.1612525617
    7.6800000000           0.1581813391
    7.6900000000           0.1552983873
    7.7000000000           0.1525818437
    7.7100000000           0.1500094962
    7.7200000000           0.1475593393
    7.7300000000           0.1452100796
    7.7400000000           0.1429415850
    7.7500000000           0.1407352747
    7.7600000000           0.1385744532
    7.7700000000           0.1364445867
    7.7800000000           0.1343335206
    7.7900000000           0.1322316265
    7.8000000000           0.1301318679
    7.8100000000           0.1280297731
    7.8200000000           0.1259233143
    7.8300000000           0.1238126981
    7.8400000000           0.1217000898
    7.8500000000           0.1195892968
    7.8600000000           0.1174854387
    7.8700000000           0.1153946272
    7.8800000000           0.1133236678
    7.8900000000           0.1112797851
    7.9000000000           0.1092703673
    7.9100000000           0.1073027195
    7.9200000000           0.1053838180
    7.9300000000           0.1035200654
    7.9400000000           0.1017170457
    7.9500000000           0.0999792923
    7.9600000000           0.0983100774
    7.9700000000           0.0967112370
    7.9800000000           0.0951830447
    7.9900000000           0.0937241417
    8.0000000000           0.0923315347
    8.0100000000           0.0910006654
    8.0200000000           0.0897255553
    8.0300000000           0.0884990258
    8.0400000000           0.0873129864
    8.0500000000           0.0861587782
    8.0600000000           0.0850275524
    8.0700000000           0.0839106578
    8.0800000000           0.0828000064
    8.0900000000           0.0816883909
    8.1000000000           0.0805697297
    8.1100000000           0.0794392272
    8.1200000000           0.0782934461
    8.1300000000           0.0771302997
    8.1400000000           0.0759489772
    8.1500000000           0.0747498201
    8.1600000000           0.0735341657
    8.1700000000           0.0723041731
    8.1800000000           0.0710626422
    8.1900000000           0.0698128348
    8.2000000000           0.0685583051
    8.2100000000           0.0673027465
    8.2200000000           0.0660498605
    8.2300000000           0.0648032542
    8.2400000000           0.0635663679
    8.2500000000           0.0623424341
    8.2600000000           0.0611344628
    8.2700000000           0.0599452462
    8.2800000000           0.0587773721
    8.2900000000           0.0576332362
    8.3000000000           0.0565150452
    8.3100000000           0.0554248048
    8.3200000000           0.0543642937
    8.3300000000           0.0533350251
    8.3400000000           0.0523382047
    8.3500000000           0.0513746903
    8.3600000000           0.0504449626
    8.3700000000           0.0495491093
    8.3800000000           0.0486868281
    8.3900000000           0.0478574450
    8.4000000000           0.0470599496
    8.4100000000           0.0462930407
    8.4200000000           0.0455551834
    8.4300000000           0.0448446714
    8.4400000000           0.0441596948
    8.4500000000           0.0434984107
    8.4600000000           0.0428590139
    8.4700000000           0.0422398061
    8.4800000000           0.0416392610
    8.4900000000           0.0410560805
    8.5000000000           0.0404892414
    8.5100000000           0.0399380286
    8.5200000000           0.0394020541
    8.5300000000           0.0388812616
    8.5400000000           0.0383759170
    8.5500000000           0.0378865857
    8.5600000000           0.0374141002
    8.5700000000           0.0369595181
    8.5800000000           0.0365240741
    8.5900000000           0.0361091280
    8.6000000000           0.0357161111
    8.6100000000           0.0353464741
    8.6200000000           0.0350016376
    8.6300000000           0.0346829497
    8.6400000000           0.0343916493
    8.6500000000           0.0341288382
    8.6600000000           0.0338954604
    8.6700000000           0.0336922885
    8.6800000000           0.0335199153
    8.6900000000           0.0333787499
    8.7000000000           0.0332690140
    8.7100000000           0.0331907402
    8.7200000000           0.0331437674
    8.7300000000           0.0331277358
    8.7400000000           0.0331420786
    8.7500000000           0.0331860135
    8.7600000000           0.0332585327
    8.7700000000           0.0333583950
    8.7800000000           0.0334841195
    8.7900000000           0.0336339837
    8.8000000000           0.0338060251
    8.8100000000           0.0339980454
    8.8200000000           0.0342076155
    8.8300000000           0.0344320758
    8.8400000000           0.0346685279
    8.8500000000           0.0349138116
    8.8600000000           0.0351644640
    8.8700000000           0.0354166619
    8.8800000000           0.0356661512
    8.8900000000           0.0359081759
    8.9000000000           0.0361374212
    8.9100000000           0.0363479917
    8.9200000000           0.0365334424
    8.9300000000           0.0366868801
    8.9400000000           0.0368011415
    8.9500000000           0.0368690498
    8.9600000000           0.0368837337
    8.9700000000           0.0368389888
    8.9800000000           0.0367296469
    8.9900000000           0.0365519183
    9.0000000000           0.0363036692
    9.0100000000           0.0359846036
    9.0200000000           0.0355963279
    9.0300000000           0.0351422896
    9.0400000000           0.0346275969
    9.0500000000           0.0340587380
    9.0600000000           0.0334432304
    9.0700000000           0.0327892347
    9.0800000000           0.0321051687
    9.0900000000           0.0313993519
    9.1000000000           0.0306797032
    9.1100000000           0.0299535063
    9.1200000000           0.0292272477
    9.1300000000           0.0285065234
    9.1400000000           0.0277960090
    9.1500000000           0.0270994795
    9.1600000000           0.0264198675
    9.1700000000           0.0257593477
    9.1800000000           0.0251194362
    9.1900000000           0.0245010934
    9.2000000000           0.0239048263
    9.2100000000           0.0233307807
    9.2200000000           0.0227788226
    9.2300000000           0.0222486057
    9.2400000000           0.0217396257
    9.2500000000           0.0212512612
    9.2600000000           0.0207828061
    9.2700000000           0.0203334926
    9.2800000000           0.0199025109
    9.2900000000           0.0194890241
    9.3000000000           0.0190921836
    9.3100000000           0.0187111432
    9.3200000000           0.0183450722
    9.3300000000           0.0179931689
    9.3400000000           0.0176546720
    9.3500000000           0.0173288697
    9.3600000000           0.0170151058
    9.3700000000           0.0167127825
    9.3800000000           0.0164213596
    9.3900000000           0.0161403507
    9.4000000000           0.0158693165
    9.4100000000           0.0156078569
    9.4200000000           0.0153556021
    9.4300000000           0.0151122044
    9.4400000000           0.0148773308
    9.4500000000           0.0146506569
    9.4600000000           0.0144318632
    9.4700000000           0.0142206331
    9.4800000000           0.0140166528
    9.4900000000           0.0138196124
    9.5000000000           0.0136292085
    9.5100000000           0.0134451470
    9.5200000000           0.0132671462
    9.5300000000           0.0130949394
    9.5400000000           0.0129282773
    9.5500000000           0.0127669284
    9.5600000000           0.0126106800
    9.5700000000           0.0124593364
    9.5800000000           0.0123127183
    9.5900000000           0.0121706601
    9.6000000000           0.0120330082
    9.6100000000           0.0118996183
    9.6200000000           0.0117703540
    9.6300000000           0.0116450850
    9.6400000000           0.0115236859
    9.6500000000           0.0114060358
    9.6600000000           0.0112920177
    9.6700000000           0.0111815182
    9.6800000000           0.0110744281
    9.6900000000           0.0109706417
    9.7000000000           0.0108700575
    9.7100000000           0.0107725780
    9.7200000000           0.0106781097
    9.7300000000           0.0105865630
    9.7400000000           0.0104978528
    9.7500000000           0.0104118978
    9.7600000000           0.0103286214
    9.7700000000           0.0102479516
    9.7800000000           0.0101698216
    9.7900000000           0.0100941698
    9.8000000000           0.0100209410
    9.8100000000           0.0099500855
    9.8200000000           0.0098815599
    9.8300000000           0.0098153260
    9.8400000000           0.0097513502
    9.8500000000           0.0096896017
    9.8600000000           0.0096300508
    9.8700000000           0.0095726670
    9.8800000000           0.0095174161
    9.8900000000           0.0094642585
    9.9000000000           0.0094131470
    9.9100000000           0.0093640254
    9.9200000000           0.0093168269
    9.9300000000           0.0092714745
    9.9400000000           0.0092278803
    9.9500000000           0.0091859467
    9.9600000000           0.0091455668
    9.9700000000           0.0091066260
    9.9800000000           0.0090690027
    9.9900000000           0.0090325696
   10.0000000000           0.0089971944
   10.0100000000           0.0089627407
   10.0200000000           0.0089290682
   10.0300000000           0.0088960335
   10.0400000000           0.0088634908
   10.0500000000           0.0088312921
   10.0600000000           0.0087992890
   10.0700000000           0.0087673337
   10.0800000000           0.0087352807
   10.0900000000           0.0087029898
   10.1000000000           0.0086703279
   10.1100000000           0.0086371730
   10.1200000000           0.0086034169
   10.1300000000           0.0085689690
   10.1400000000           0.0085337603
   10.1500000000           0.0084977464
   10.1600000000           0.0084609115
   10.1700000000           0.0084232704
   10.1800000000           0.0083848707
   10.1900000000           0.0083457935
   10.2000000000           0.0083061521
   10.2100000000           0.0082660895
   10.2200000000           0.0082257731
   10.2300000000           0.0081853887
   10.2400000000           0.0081451315
   10.2500000000           0.0081051981
   10.2600000000           0.0080657768
   10.2700000000           0.0080270389
   10.2800000000           0.0079891319
   10.2900000000           0.0079521728
   10.3000000000           0.0079162444
   10.3100000000           0.0078813924
   10.3200000000           0.0078476244
   10.3300000000           0.0078149107
   10.3400000000           0.0077831862
   10.3500000000           0.0077523535
   10.3600000000           0.0077222883
   10.3700000000           0.0076928449
   10.3800000000           0.0076638647
   10.3900000000           0.0076351853
   10.4000000000           0.0076066502
   10.4100000000           0.0075781198
   10.4200000000           0.0075494816
   10.4300000000           0.0075206591
   10.4400000000           0.0074916184
   10.4500000000           0.0074623725
   10.4600000000           0.0074329815
   10.4700000000           0.0074035499
   10.4800000000           0.0073742208
   10.4900000000           0.0073451673
   10.5000000000           0.0073165822
   10.5100000000           0.0072886669
   10.5200000000           0.0072616204
   10.5300000000           0.0072356285
   10.5400000000           0.0072108544
   10.5500000000           0.0071874305
   10.5600000000           0.0071654518
   10.5700000000           0.0071449711
   10.5800000000           0.0071259956
   10.5900000000           0.0071084854
   10.6000000000           0.0070923537
   10.6100000000           0.0070774686
   10.6200000000           0.0070636569
   10.6300000000           0.0070507092
   10.6400000000           0.0070383871
   10.6500000000           0.0070264311
   10.6600000000           0.0070145711
   10.6700000000           0.0070025358
   10.6800000000           0.0069900653
   10.6900000000           0.0069769220
   10.7000000000           0.0069629022
   10.7100000000           0.0069478468
   10.7200000000           0.0069316497
   10.7300000000           0.0069142642
   10.7400000000           0.0068957053
   10.7500000000           0.0068760486
   10.7600000000           0.0068554245
   10.7700000000           0.0068340097
   10.7800000000           0.0068120140
   10.7900000000           0.0067896668
   10.8000000000           0.0067672017
   10.8100000000           0.0067448417
   10.8200000000           0.0067227862
   10.8300000000           0.0067011999
   10.8400000000           0.0066802042
   10.8500000000           0.0066598719
   10.8600000000           0.0066402244
   10.8700000000           0.0066212322
   10.8800000000           0.0066028179
   10.8900000000           0.0065848618
   10.9000000000           0.0065672094
   10.9100000000           0.0065496816
   10.9200000000           0.0065320859
   10.9300000000           0.0065142293
   10.9400000000           0.0064959313
   10.9500000000           0.0064770373
   10.9600000000           0.0064574305
   10.9700000000           0.0064370425
   10.9800000000           0.0064158601
   10.9900000000           0.0063939297
   11.0000000000           0.0063713567
   11.0100000000           0.0063483020
   11.0200000000           0.0063249739
   11.0300000000           0.0063016173
   11.0400000000           0.0062785011
   11.0500000000           0.0062559045
   11.0600000000           0.0062341032
   11.0700000000           0.0062133566
   11.0800000000           0.0061938967
   11.0900000000           0.0061759199
   11.1000000000           0.0061595800
   11.1100000000           0.0061449852
   11.1200000000           0.0061321965
   11.1300000000           0.0061212297
   11.1400000000           0.0061120587
   11.1500000000           0.0061046220
   11.1600000000           0.0060988307
   11.1700000000           0.0060945776
   11.1800000000           0.0060917487
   11.1900000000           0.0060902333
   11.2000000000           0.0060899346
   11.2100000000           0.0060907779
   11.2200000000           0.0060927172
   11.2300000000           0.0060957380
   11.2400000000           0.0060998575
   11.2500000000           0.0061051217
   11.2600000000           0.0061116004
   11.2700000000           0.0061193813
   11.2800000000           0.0061285631
   11.2900000000           0.0061392497
   11.3000000000           0.0061515459
   11.3100000000           0.0061655533
   11.3200000000           0.0061813695
   11.3300000000           0.0061990869
   11.3400000000           0.0062187932
   11.3500000000           0.0062405716
   11.3600000000           0.0062645008
   11.3700000000           0.0062906541
   11.3800000000           0.0063190977
   11.3900000000           0.0063498869
   11.4000000000           0.0063830615
   11.4100000000           0.0064186400
   11.4200000000           0.0064566117
   11.4300000000           0.0064969291
   11.4400000000           0.0065394986
   11.4500000000           0.0065841713
   11.4600000000           0.0066307352
   11.4700000000           0.0066789068
   11.4800000000           0.0067283266
   11.4900000000           0.0067785568
   11.5000000000           0.0068290834
   11.5100000000           0.0068793242
   11.5200000000           0.0069286422
   11.5300000000           0.0069763652
   11.5400000000           0.0070218118
   11.5500000000           0.0070643213
   11.5600000000           0.0071032857
   11.5700000000           0.0071381812
   11.5800000000           0.0071685967
   11.5900000000           0.0071942543
   11.6000000000           0.0072150207
   11.6100000000           0.0072309080
   11.6200000000           0.0072420623
   11.6300000000           0.0072487431
   11.6400000000           0.0072512950
   11.6500000000           0.0072501150
   11.6600000000           0.0072456198
   11.6700000000           0.0072382173
   11.6800000000           0.0072282831
   11.6900000000           0.0072161473
   11.7000000000           0.0072020888
   11.7100000000           0.0071863396
   11.7200000000           0.0071690951
   11.7300000000           0.0071505299
   11.7400000000           0.0071308145
   11.7500000000           0.0071101312
   11.7600000000           0.0070886854
   11.7700000000           0.0070667121
   11.7800000000           0.0070444751
   11.7900000000           0.0070222613
   11.8000000000           0.0070003690
   11.8100000000           0.0069790943
   11.8200000000           0.0069587159
   11.8300000000           0.0069394808
   11.8400000000           0.0069215921
   11.8500000000           0.0069051998
   11.8600000000           0.0068903945
   11.8700000000           0.0068772037
   11.8800000000           0.0068655910
   11.8900000000           0.0068554572
   11.9000000000           0.0068466425
   11.9100000000           0.0068389302
   11.9200000000           0.0068320510
   11.9300000000           0.0068256886
   11.9400000000           0.0068194863
   11.9500000000           0.0068130553
   11.9600000000           0.0068059834
   11.9700000000           0.0067978466
   11.9800000000           0.0067882204
   11.9900000000           0.0067766929
   12.0000000000           0.0067628769
   12.0100000000           0.0067464219
   12.0200000000           0.0067270248
   12.0300000000           0.0067044390
   12.0400000000           0.0066784820
   12.0500000000           0.0066490416
   12.0600000000           0.0066160805
   12.0700000000           0.0065796385
   12.0800000000           0.0065398331
   12.0900000000           0.0064968573
   12.1000000000           0.0064509744
   12.1100000000           0.0064025099
   12.1200000000           0.0063518412
   12.1300000000           0.0062993842
   12.1400000000           0.0062455796
   12.1500000000           0.0061908786
   12.1600000000           0.0061357287
   12.1700000000           0.0060805610
   12.1800000000           0.0060257791
   12.1900000000           0.0059717493
   12.2000000000           0.0059187936
   12.2100000000           0.0058671842
   12.2200000000           0.0058171409
   12.2300000000           0.0057688301
   12.2400000000           0.0057223664
   12.2500000000           0.0056778158
   12.2600000000           0.0056352011
   12.2700000000           0.0055945077
   12.2800000000           0.0055556910
   12.2900000000           0.0055186831
   12.3000000000           0.0054834000
   12.3100000000           0.0054497464
   12.3200000000           0.0054176212
   12.3300000000           0.0053869198
   12.3400000000           0.0053575362
   12.3500000000           0.0053293636
   12.3600000000           0.0053022949
   12.3700000000           0.0052762225
   12.3800000000           0.0052510396
   12.3900000000           0.0052266407
   12.4000000000           0.0052029244
   12.4100000000           0.0051797952
   12.4200000000           0.0051571673
   12.4300000000           0.0051349666
   12.4400000000           0.0051131337
   12.4500000000           0.0050916253
   12.4600000000           0.0050704149
   12.4700000000           0.0050494926
   12.4800000000           0.0050288638
   12.4900000000           0.0050085466
   12.5000000000           0.0049885692
   12.5100000000           0.0049689661
   12.5200000000           0.0049497758
   12.5300000000           0.0049310369
   12.5400000000           0.0049127870
   12.5500000000           0.0048950611
   12.5600000000           0.0048778911
   12.5700000000           0.0048613064
   12.5800000000           0.0048453340
   12.5900000000           0.0048299989
   12.6000000000           0.0048153236
   12.6100000000           0.0048013264
   12.6200000000           0.0047880186
   12.6300000000           0.0047754009
   12.6400000000           0.0047634586
   12.6500000000           0.0047521574
   12.6600000000           0.0047414400
   12.6700000000           0.0047312249
   12.6800000000           0.0047214078
   12.6900000000           0.0047118651
   12.7000000000           0.0047024614
   12.7100000000           0.0046930589
   12.7200000000           0.0046835268
   12.7300000000           0.0046737527
   12.7400000000           0.0046636506
   12.7500000000           0.0046531676
   12.7600000000           0.0046422867
   12.7700000000           0.0046310266
   12.7800000000           0.0046194368
   12.7900000000           0.0046075913
   12.8000000000           0.0045955789
   12.8100000000           0.0045834936
   12.8200000000           0.0045714248
   12.8300000000           0.0045594481
   12.8400000000           0.0045476191
   12.8500000000           0.0045359677
   12.8600000000           0.0045244966
   12.8700000000           0.0045131808
   12.8800000000           0.0045019698
   12.8900000000           0.0044907922
   12.9000000000           0.0044795607
   12.9100000000           0.0044681793
   12.9200000000           0.0044565504
   12.9300000000           0.0044445828
   12.9400000000           0.0044321988
   12.9500000000           0.0044193409
   12.9600000000           0.0044059769
   12.9700000000           0.0043921036
   12.9800000000           0.0043777484
   12.9900000000           0.0043629685
   13.0000000000           0.0043478493
   13.0100000000           0.0043325004
   13.0200000000           0.0043170509
   13.0300000000           0.0043016441
   13.0400000000           0.0042864317
   13.0500000000           0.0042715686
   13.0600000000           0.0042572073
   13.0700000000           0.0042434938
   13.0800000000           0.0042305638
   13.0900000000           0.0042185400
   13.1000000000           0.0042075299
   13.1100000000           0.0041976255
   13.1200000000           0.0041889026
   13.1300000000           0.0041814213
   13.1400000000           0.0041752262
   13.1500000000           0.0041703466
   13.1600000000           0.0041667963
   13.1700000000           0.0041645725
   13.1800000000           0.0041636539
   13.1900000000           0.0041639980
   13.2000000000           0.0041655371
   13.2100000000           0.0041681744
   13.2200000000           0.0041717795
   13.2300000000           0.0041761838
   13.2400000000           0.0041811770
   13.2500000000           0.0041865054
   13.2600000000           0.0041918721
   13.2700000000           0.0041969403
   13.2800000000           0.0042013407
   13.2900000000           0.0042046821
   13.3000000000           0.0042065667
   13.3100000000           0.0042066076
   13.3200000000           0.0042044488
   13.3300000000           0.0041997848
   13.3400000000           0.0041923783
   13.3500000000           0.0041820740
   13.3600000000           0.0041688064
   13.3700000000           0.0041526015
   13.3800000000           0.0041335718
   13.3900000000           0.0041119056
   13.4000000000           0.0040878521
   13.4100000000           0.0040617043
   13.4200000000           0.0040337821
   13.4300000000           0.0040044164
   13.4400000000           0.0039739354
   13.4500000000           0.0039426541
   13.4600000000           0.0039108672
   13.4700000000           0.0038788438
   13.4800000000           0.0038468242
   13.4900000000           0.0038150183
   13.5000000000           0.0037836046
   13.5100000000           0.0037527295
   13.5200000000           0.0037225070
   13.5300000000           0.0036930196
   13.5400000000           0.0036643185
   13.5500000000           0.0036364260
   13.5600000000           0.0036093378
   13.5700000000           0.0035830269
   13.5800000000           0.0035574476
   13.5900000000           0.0035325402
   13.6000000000           0.0035082364
   13.6100000000           0.0034844638
   13.6200000000           0.0034611506
   13.6300000000           0.0034382296
   13.6400000000           0.0034156412
   13.6500000000           0.0033933366
   13.6600000000           0.0033712793
   13.6700000000           0.0033494463
   13.6800000000           0.0033278288
   13.6900000000           0.0033064320
   13.7000000000           0.0032852744
   13.7100000000           0.0032643863
   13.7200000000           0.0032438084
   13.7300000000           0.0032235899
   13.7400000000           0.0032037863
   13.7500000000           0.0031844571
   13.7600000000           0.0031656642
   13.7700000000           0.0031474695
   13.7800000000           0.0031299335
   13.7900000000           0.0031131136
   13.8000000000           0.0030970623
   13.8100000000           0.0030818264
   13.8200000000           0.0030674454
   13.8300000000           0.0030539504
   13.8400000000           0.0030413631
   13.8500000000           0.0030296942
   13.8600000000           0.0030189427
   13.8700000000           0.0030090939
   13.8800000000           0.0030001183
   13.8900000000           0.0029919699
   13.9000000000           0.0029845844
   13.9100000000           0.0029778787
   13.9200000000           0.0029717499
   13.9300000000           0.0029660764
   13.9400000000           0.0029607192
   13.9500000000           0.0029555258
   13.9600000000           0.0029503350
   13.9700000000           0.0029449838
   13.9800000000           0.0029393151
   13.9900000000           0.0029331861
   14.0000000000           0.0029264765
   14.0100000000           0.0029190952
   14.0200000000           0.0029109864
   14.0300000000           0.0029021316
   14.0400000000           0.0028925507
   14.0500000000           0.0028822994
   14.0600000000           0.0028714647
   14.0700000000           0.0028601592
   14.0800000000           0.0028485144
   14.0900000000           0.0028366733
   14.1000000000           0.0028247848
   14.1100000000           0.0028129975
   14.1200000000           0.0028014558
   14.1300000000           0.0027902969
   14.1400000000           0.0027796490
   14.1500000000           0.0027696304
   14.1600000000           0.0027603503
   14.1700000000           0.0027519088
   14.1800000000           0.0027443986
   14.1900000000           0.0027379057
   14.2000000000           0.0027325110
   14.2100000000           0.0027282907
   14.2200000000           0.0027253166
   14.2300000000           0.0027236567
   14.2400000000           0.0027233745
   14.2500000000           0.0027245286
   14.2600000000           0.0027271723
   14.2700000000           0.0027313527
   14.2800000000           0.0027371106
   14.2900000000           0.0027444796
   14.3000000000           0.0027534864
   14.3100000000           0.0027641504
   14.3200000000           0.0027764843
   14.3300000000           0.0027904939
   14.3400000000           0.0028061789
   14.3500000000           0.0028235333
   14.3600000000           0.0028425458
   14.3700000000           0.0028632004
   14.3800000000           0.0028854778
   14.3900000000           0.0029093556
   14.4000000000           0.0029348106
   14.4100000000           0.0029618196
   14.4200000000           0.0029903623
   14.4300000000           0.0030204228
   14.4400000000           0.0030519919
   14.4500000000           0.0030850692
   14.4600000000           0.0031196640
   14.4700000000           0.0031557957
   14.4800000000           0.0031934926
   14.4900000000           0.0032327891
   14.5000000000           0.0032737211
   14.5100000000           0.0033163195
   14.5200000000           0.0033606018
   14.5300000000           0.0034065619
   14.5400000000           0.0034541595
   14.5500000000           0.0035033079
   14.5600000000           0.0035538627
   14.5700000000           0.0036056117
   14.5800000000           0.0036582661
   14.5900000000           0.0037114558
   14.6000000000           0.0037647277
   14.6100000000           0.0038175500
   14.6200000000           0.0038693208
   14.6300000000           0.0039193839
   14.6400000000           0.0039670489
   14.6500000000           0.0040116174
   14.6600000000           0.0040524127
   14.6700000000           0.0040888116
   14.6800000000           0.0041202762
   14.6900000000           0.0041463832
   14.7000000000           0.0041668482
   14.7100000000           0.0041815417
   14.7200000000           0.0041904963
   14.7300000000           0.0041939028
   14.7400000000           0.0041920950
   14.7500000000           0.0041855257
   14.7600000000           0.0041747336
   14.7700000000           0.0041603062
   14.7800000000           0.0041428401
   14.7900000000           0.0041229027
   14.8000000000           0.0041009981
   14.8100000000           0.0040775385
   14.8200000000           0.0040528245
   14.8300000000           0.0040270331
   14.8400000000           0.0040002144
   14.8500000000           0.0039722972
   14.8600000000           0.0039431026
   14.8700000000           0.0039123642
   14.8800000000           0.0038797548
   14.8900000000           0.0038449169
   14.9000000000           0.0038074955
   14.9100000000           0.0037671719
   14.9200000000           0.0037236934
   14.9300000000           0.0036768991
   14.9400000000           0.0036267382
   14.9500000000           0.0035732789
   14.9600000000           0.0035167082
   14.9700000000           0.0034573224
   14.9800000000           0.0033955106
   14.9900000000           0.0033317319
   15.0000000000           0.0032664900
   15.0100000000           0.0032003082
   15.0200000000           0.0031337050
   15.0300000000           0.0030671740
   15.0400000000           0.0030011680
   15.0500000000           0.0029360883
   15.0600000000           0.0028722780
   15.0700000000           0.0028100199
   15.0800000000           0.0027495376
   15.0900000000           0.0026909992
   15.1000000000           0.0026345224
   15.1100000000           0.0025801810
   15.1200000000           0.0025280110
   15.1300000000           0.0024780177
   15.1400000000           0.0024301813
   15.1500000000           0.0023844624
   15.1600000000           0.0023408070
   15.1700000000           0.0022991500
   15.1800000000           0.0022594191
   15.1900000000           0.0022215370
   15.2000000000           0.0021854238
   15.2100000000           0.0021509986
   15.2200000000           0.0021181809
   15.2300000000           0.0020868919
   15.2400000000           0.0020570547
   15.2500000000           0.0020285955
   15.2600000000           0.0020014439
   15.2700000000           0.0019755325
   15.2800000000           0.0019507979
   15.2900000000           0.0019271798
   15.3000000000           0.0019046210
   15.3100000000           0.0018830675
   15.3200000000           0.0018624681
   15.3300000000           0.0018427736
   15.3400000000           0.0018239373
   15.3500000000           0.0018059143
   15.3600000000           0.0017886615
   15.3700000000           0.0017721374
   15.3800000000           0.0017563022
   15.3900000000           0.0017411177
   15.4000000000           0.0017265471
   15.4100000000           0.0017125559
   15.4200000000           0.0016991111
   15.4300000000           0.0016861820
   15.4400000000           0.0016737399
   15.4500000000           0.0016617584
   15.4600000000           0.0016502132
   15.4700000000           0.0016390823
   15.4800000000           0.0016283460
   15.4900000000           0.0016179861
   15.5000000000           0.0016079865
   15.5100000000           0.0015983324
   15.5200000000           0.0015890105
   15.5300000000           0.0015800083
   15.5400000000           0.0015713143
   15.5500000000           0.0015629176
   15.5600000000           0.0015548078
   15.5700000000           0.0015469748
   15.5800000000           0.0015394090
   15.5900000000           0.0015321012
   15.6000000000           0.0015250424
   15.6100000000           0.0015182241
   15.6200000000           0.0015116380
   15.6300000000           0.0015052768
   15.6400000000           0.0014991332
   15.6500000000           0.0014932011
   15.6600000000           0.0014874747
   15.6700000000           0.0014819494
   15.6800000000           0.0014766210
   15.6900000000           0.0014714864
   15.7000000000           0.0014665434
   15.7100000000           0.0014617902
   15.7200000000           0.0014572259
   15.7300000000           0.0014528503
   15.7400000000           0.0014486632
   15.7500000000           0.0014446649
   15.7600000000           0.0014408559
   15.7700000000           0.0014372361
   15.7800000000           0.0014338058
   15.7900000000           0.0014305646
   15.8000000000           0.0014275119
   15.8100000000           0.0014246469
   15.8200000000           0.0014219689
   15.8300000000           0.0014194772
   15.8400000000           0.0014171714
   15.8500000000           0.0014150517
   15.8600000000           0.0014131191
   15.8700000000           0.0014113755
   15.8800000000           0.0014098236
   15.8900000000           0.0014084671
   15.9000000000           0.0014073104
   15.9100000000           0.0014063588
   15.9200000000           0.0014056183
   15.9300000000           0.0014050955
   15.9400000000           0.0014047979
   15.9500000000           0.0014047338
   15.9600000000           0.0014049126
   15.9700000000           0.0014053450
   15.9800000000           0.0014060432
   15.9900000000           0.0014070208
   16.0000000000           0.0014082932
   16.0100000000           0.0014098773
   16.0200000000           0.0014117910
   16.0300000000           0.0014140534
   16.0400000000           0.0014166838
   16.0500000000           0.0014197012
   16.0600000000           0.0014231240
   16.0700000000           0.0014269688
   16.0800000000           0.0014312499
   16.0900000000           0.0014359784
   16.1000000000           0.0014411615
   16.1100000000           0.0014468011
   16.1200000000           0.0014528937
   16.1300000000           0.0014594284
   16.1400000000           0.0014663868
   16.1500000000           0.0014737418
   16.1600000000           0.0014814568
   16.1700000000           0.0014894858
   16.1800000000           0.0014977731
   16.1900000000           0.0015062545
   16.2000000000           0.0015148579
   16.2100000000           0.0015235060
   16.2200000000           0.0015321186
   16.2300000000           0.0015406155
   16.2400000000           0.0015489197
   16.2500000000           0.0015569605
   16.2600000000           0.0015646753
   16.2700000000           0.0015720116
   16.2800000000           0.0015789263
   16.2900000000           0.0015853851
   16.3000000000           0.0015913599
   16.3100000000           0.0015968263
   16.3200000000           0.0016017596
   16.3300000000           0.0016061331
   16.3400000000           0.0016099156
   16.3500000000           0.0016130718
   16.3600000000           0.0016155632
   16.3700000000           0.0016173513
   16.3800000000           0.0016184021
   16.3900000000           0.0016186900
   16.4000000000           0.0016182032
   16.4100000000           0.0016169471
   16.4200000000           0.0016149462
   16.4300000000           0.0016122445
   16.4400000000           0.0016089035
   16.4500000000           0.0016049986
   16.4600000000           0.0016006145
   16.4700000000           0.0015958397
   16.4800000000           0.0015907609
   16.4900000000           0.0015854585
   16.5000000000           0.0015800029
   16.5100000000           0.0015744518
   16.5200000000           0.0015688489
   16.5300000000           0.0015632232
   16.5400000000           0.0015575897
   16.5500000000           0.0015519505
   16.5600000000           0.0015462958
   16.5700000000           0.0015406067
   16.5800000000           0.0015348570
   16.5900000000           0.0015290161
   16.6000000000           0.0015230525
   16.6100000000           0.0015169368
   16.6200000000           0.0015106455
   16.6300000000           0.0015041633
   16.6400000000           0.0014974865
   16.6500000000           0.0014906236
   16.6600000000           0.0014835957
   16.6700000000           0.0014764359
   16.6800000000           0.0014691866
   16.6900000000           0.0014618969
   16.7000000000           0.0014546191
   16.7100000000           0.0014474051
   16.7200000000           0.0014403030
   16.7300000000           0.0014333551
   16.7400000000           0.0014265949
   16.7500000000           0.0014200472
   16.7600000000           0.0014137271
   16.7700000000           0.0014076411
   16.7800000000           0.0014017884
   16.7900000000           0.0013961621
   16.8000000000           0.0013907519
   16.8100000000           0.0013855455
   16.8200000000           0.0013805306
   16.8300000000           0.0013756964
   16.8400000000           0.0013710349
   16.8500000000           0.0013665410
   16.8600000000           0.0013622135
   16.8700000000           0.0013580548
   16.8800000000           0.0013540713
   16.8900000000           0.0013502726
   16.9000000000           0.0013466720
   16.9100000000           0.0013432857
   16.9200000000           0.0013401331
   16.9300000000           0.0013372364
   16.9400000000           0.0013346201
   16.9500000000           0.0013323110
   16.9600000000           0.0013303375
   16.9700000000           0.0013287299
   16.9800000000           0.0013275195
   16.9900000000           0.0013267389
   17.0000000000           0.0013264214
   17.0100000000           0.0013266010
   17.0200000000           0.0013273122
   17.0300000000           0.0013285891
   17.0400000000           0.0013304652
   17.0500000000           0.0013329721
   17.0600000000           0.0013361385
   17.0700000000           0.0013399884
   17.0800000000           0.0013445397
   17.0900000000           0.0013498020
   17.1000000000           0.0013557745
   17.1100000000           0.0013624445
   17.1200000000           0.0013697850
   17.1300000000           0.0013777537
   17.1400000000           0.0013862913
   17.1500000000           0.0013953212
   17.1600000000           0.0014047498
   17.1700000000           0.0014144666
   17.1800000000           0.0014243469
   17.1900000000           0.0014342532
   17.2000000000           0.0014440394
   17.2100000000           0.0014535537
   17.2200000000           0.0014626432
   17.2300000000           0.0014711575
   17.2400000000           0.0014789529
   17.2500000000           0.0014858955
   17.2600000000           0.0014918647
   17.2700000000           0.0014967554
   17.2800000000           0.0015004804
   17.2900000000           0.0015029718
   17.3000000000           0.0015041827
   17.3100000000           0.0015040872
   17.3200000000           0.0015026809
   17.3300000000           0.0014999796
   17.3400000000           0.0014960175
   17.3500000000           0.0014908443
   17.3600000000           0.0014845220
   17.3700000000           0.0014771211
   17.3800000000           0.0014687167
   17.3900000000           0.0014593856
   17.4000000000           0.0014492033
   17.4100000000           0.0014382429
   17.4200000000           0.0014265741
   17.4300000000           0.0014142638
   17.4400000000           0.0014013772
   17.4500000000           0.0013879792
   17.4600000000           0.0013741356
   17.4700000000           0.0013599147
   17.4800000000           0.0013453875
   17.4900000000           0.0013306279
   17.5000000000           0.0013157116
   17.5100000000           0.0013007150
   17.5200000000           0.0012857129
   17.5300000000           0.0012707772
   17.5400000000           0.0012559749
   17.5500000000           0.0012413667
   17.5600000000           0.0012270058
   17.5700000000           0.0012129375
   17.5800000000           0.0011991987
   17.5900000000           0.0011858184
   17.6000000000           0.0011728175
   17.6100000000           0.0011602098
   17.6200000000           0.0011480026
   17.6300000000           0.0011361974
   17.6400000000           0.0011247908
   17.6500000000           0.0011137755
   17.6600000000           0.0011031412
   17.6700000000           0.0010928757
   17.6800000000           0.0010829656
   17.6900000000           0.0010733967
   17.7000000000           0.0010641552
   17.7100000000           0.0010552279
   17.7200000000           0.0010466022
   17.7300000000           0.0010382668
   17.7400000000           0.0010302112
   17.7500000000           0.0010224262
   17.7600000000           0.0010149030
   17.7700000000           0.0010076338
   17.7800000000           0.0010006108
   17.7900000000           0.0009938267
   17.8000000000           0.0009872738
   17.8100000000           0.0009809443
   17.8200000000           0.0009748302
   17.8300000000           0.0009689229
   17.8400000000           0.0009632138
   17.8500000000           0.0009576941
   17.8600000000           0.0009523549
   17.8700000000           0.0009471875
   17.8800000000           0.0009421837
   17.8900000000           0.0009373353
   17.9000000000           0.0009326351
   17.9100000000           0.0009280762
   17.9200000000           0.0009236526
   17.9300000000           0.0009193588
   17.9400000000           0.0009151897
   17.9500000000           0.0009111410
   17.9600000000           0.0009072086
   17.9700000000           0.0009033887
   17.9800000000           0.0008996780
   17.9900000000           0.0008960730
   18.0000000000           0.0008925706
   18.0100000000           0.0008891675
   18.0200000000           0.0008858605
   18.0300000000           0.0008826464
   18.0400000000           0.0008795223
   18.0500000000           0.0008764850
   18.0600000000           0.0008735315
   18.0700000000           0.0008706591
   18.0800000000           0.0008678652
   18.0900000000           0.0008651474
   18.1000000000           0.0008625037
   18.1100000000           0.0008599323
   18.1200000000           0.0008574320
   18.1300000000           0.0008550017
   18.1400000000           0.0008526408
   18.1500000000           0.0008503489
   18.1600000000           0.0008481259
   18.1700000000           0.0008459719
   18.1800000000           0.0008438867
   18.1900000000           0.0008418704
   18.2000000000           0.0008399229
   18.2100000000           0.0008380438
   18.2200000000           0.0008362326
   18.2300000000           0.0008344884
   18.2400000000           0.0008328105
   18.2500000000           0.0008311979
   18.2600000000           0.0008296497
   18.2700000000           0.0008281652
   18.2800000000           0.0008267440
   18.2900000000           0.0008253860
   18.3000000000           0.0008240915
   18.3100000000           0.0008228615
   18.3200000000           0.0008216970
   18.3300000000           0.0008205999
   18.3400000000           0.0008195720
   18.3500000000           0.0008186155
   18.3600000000           0.0008177328
   18.3700000000           0.0008169263
   18.3800000000           0.0008161985
   18.3900000000           0.0008155519
   18.4000000000           0.0008149891
   18.4100000000           0.0008145128
   18.4200000000           0.0008141256
   18.4300000000           0.0008138306
   18.4400000000           0.0008136307
   18.4500000000           0.0008135296
   18.4600000000           0.0008135307
   18.4700000000           0.0008136384
   18.4800000000           0.0008138572
   18.4900000000           0.0008141921
   18.5000000000           0.0008146486
   18.5100000000           0.0008152326
   18.5200000000           0.0008159506
   18.5300000000           0.0008168093
   18.5400000000           0.0008178157
   18.5500000000           0.0008189767
   18.5600000000           0.0008202990
   18.5700000000           0.0008217886
   18.5800000000           0.0008234506
   18.5900000000           0.0008252886
   18.6000000000           0.0008273036
   18.6100000000           0.0008294942
   18.6200000000           0.0008318551
   18.6300000000           0.0008343766
   18.6400000000           0.0008370438
   18.6500000000           0.0008398356
   18.6600000000           0.0008427244
   18.6700000000           0.0008456751
   18.6800000000           0.0008486453
   18.6900000000           0.0008515849
   18.7000000000           0.0008544366
   18.7100000000           0.0008571366
   18.7200000000           0.0008596162
   18.7300000000           0.0008618035
   18.7400000000           0.0008636254
   18.7500000000           0.0008650106
   18.7600000000           0.0008658924
   18.7700000000           0.0008662120
   18.7800000000           0.0008659210
   18.7900000000           0.0008649844
   18.8000000000           0.0008633826
   18.8100000000           0.0008611127
   18.8200000000           0.0008581889
   18.8300000000           0.0008546415
   18.8400000000           0.0008505160
   18.8500000000           0.0008458700
   18.8600000000           0.0008407705
   18.8700000000           0.0008352902
   18.8800000000           0.0008295046
   18.8900000000           0.0008234885
   18.9000000000           0.0008173136
   18.9100000000           0.0008110461
   18.9200000000           0.0008047457
   18.9300000000           0.0007984645
   18.9400000000           0.0007922467
   18.9500000000           0.0007861288
   18.9600000000           0.0007801400
   18.9700000000           0.0007743029
   18.9800000000           0.0007686342
   18.9900000000           0.0007631456
   19.0000000000           0.0007578442
   19.0100000000           0.0007527338
   19.0200000000           0.0007478151
   19.0300000000           0.0007430864
   19.0400000000           0.0007385441
   19.0500000000           0.0007341832
   19.0600000000           0.0007299976
   19.0700000000           0.0007259806
   19.0800000000           0.0007221245
   19.0900000000           0.0007184219
   19.1000000000           0.0007148647
   19.1100000000           0.0007114452
   19.1200000000           0.0007081558
   19.1300000000           0.0007049889
   19.1400000000           0.0007019375
   19.1500000000           0.0006989947
   19.1600000000           0.0006961540
   19.1700000000           0.0006934095
   19.1800000000           0.0006907554
   19.1900000000           0.0006881865
   19.2000000000           0.0006856979
   19.2100000000           0.0006832851
   19.2200000000           0.0006809439
   19.2300000000           0.0006786706
   19.2400000000           0.0006764614
   19.2500000000           0.0006743133
   19.2600000000           0.0006722231
   19.2700000000           0.0006701881
   19.2800000000           0.0006682055
   19.2900000000           0.0006662730
   19.3000000000           0.0006643881
   19.3100000000           0.0006625485
   19.3200000000           0.0006607522
   19.3300000000           0.0006589969
   19.3400000000           0.0006572807
   19.3500000000           0.0006556015
   19.3600000000           0.0006539573
   19.3700000000           0.0006523462
   19.3800000000           0.0006507662
   19.3900000000           0.0006492155
   19.4000000000           0.0006476920
   19.4100000000           0.0006461940
   19.4200000000           0.0006447197
   19.4300000000           0.0006432673
   19.4400000000           0.0006418352
   19.4500000000           0.0006404217
   19.4600000000           0.0006390254
   19.4700000000           0.0006376449
   19.4800000000           0.0006362790
   19.4900000000           0.0006349267
   19.5000000000           0.0006335869
   19.5100000000           0.0006322590
   19.5200000000           0.0006309422
   19.5300000000           0.0006296361
   19.5400000000           0.0006283401
   19.5500000000           0.0006270540
   19.5600000000           0.0006257774
   19.5700000000           0.0006245102
   19.5800000000           0.0006232521
   19.5900000000           0.0006220031
   19.6000000000           0.0006207630
   19.6100000000           0.0006195316
   19.6200000000           0.0006183089
   19.6300000000           0.0006170948
   19.6400000000           0.0006158891
   19.6500000000           0.0006146918
   19.6600000000           0.0006135029
   19.6700000000           0.0006123223
   19.6800000000           0.0006111500
   19.6900000000           0.0006099862
   19.7000000000           0.0006088308
   19.7100000000           0.0006076839
   19.7200000000           0.0006065457
   19.7300000000           0.0006054162
   19.7400000000           0.0006042955
   19.7500000000           0.0006031836
   19.7600000000           0.0006020805
   19.7700000000           0.0006009862
   19.7800000000           0.0005999006
   19.7900000000           0.0005988235
   19.8000000000           0.0005977549
   19.8100000000           0.0005966944
   19.8200000000           0.0005956419
   19.8300000000           0.0005945971
   19.8400000000           0.0005935597
   19.8500000000           0.0005925294
   19.8600000000           0.0005915059
   19.8700000000           0.0005904890
   19.8800000000           0.0005894783
   19.8900000000           0.0005884736
   19.9000000000           0.0005874746
   19.9100000000           0.0005864811
   19.9200000000           0.0005854930
   19.9300000000           0.0005845099
   19.9400000000           0.0005835319
   19.9500000000           0.0005825587
   19.9600000000           0.0005815903
   19.9700000000           0.0005806267
   19.9800000000           0.0005796679
   19.9900000000           0.0005787139
   20.0000000000           0.0005777648
