# Energy loss (eV)	Intensity (arb. units)
   -1.0000000000           0.0284355088
   -0.9900000000           0.0289283543
   -0.9800000000           0.0294351391
   -0.9700000000           0.0299563970
   -0.9600000000           0.0304926875
   -0.9500000000           0.0310445972
   -0.9400000000           0.0316127412
   -0.9300000000           0.0321977646
   -0.9200000000           0.0328003447
   -0.9100000000           0.0334211927
   -0.9000000000           0.0340610555
   -0.8900000000           0.0347207181
   -0.8800000000           0.0354010060
   -0.8700000000           0.0361027871
   -0.8600000000           0.0368269750
   -0.8500000000           0.0375745316
   -0.8400000000           0.0383464699
   -0.8300000000           0.0391438575
   -0.8200000000           0.0399678199
   -0.8100000000           0.0408195442
   -0.8000000000           0.0417002834
   -0.7900000000           0.0426113604
   -0.7800000000           0.0435541727
   -0.7700000000           0.0445301971
   -0.7600000000           0.0455409958
   -0.7500000000           0.0465882211
   -0.7400000000           0.0476736224
   -0.7300000000           0.0487990524
   -0.7200000000           0.0499664747
   -0.7100000000           0.0511779708
   -0.7000000000           0.0524357493
   -0.6900000000           0.0537421544
   -0.6800000000           0.0550996756
   -0.6700000000           0.0565109584
   -0.6600000000           0.0579788156
   -0.6500000000           0.0595062395
   -0.6400000000           0.0610964150
   -0.6300000000           0.0627527344
   -0.6200000000           0.0644788124
   -0.6100000000           0.0662785029
   -0.6000000000           0.0681559178
   -0.5900000000           0.0701154456
   -0.5800000000           0.0721617735
   -0.5700000000           0.0742999099
   -0.5600000000           0.0765352096
   -0.5500000000           0.0788734003
   -0.5400000000           0.0813206118
   -0.5300000000           0.0838834076
   -0.5200000000           0.0865688183
   -0.5100000000           0.0893843785
   -0.5000000000           0.0923381657
   -0.4900000000           0.0954388430
   -0.4800000000           0.0986957037
   -0.4700000000           0.1021187204
   -0.4600000000           0.1057185961
   -0.4500000000           0.1095068194
   -0.4400000000           0.1134957226
   -0.4300000000           0.1176985424
   -0.4200000000           0.1221294840
   -0.4100000000           0.1268037869
   -0.4000000000           0.1317377922
   -0.3900000000           0.1369490108
   -0.3800000000           0.1424561905
   -0.3700000000           0.1482793799
   -0.3600000000           0.1544399877
   -0.3500000000           0.1609608332
   -0.3400000000           0.1678661836
   -0.3300000000           0.1751817741
   -0.3200000000           0.1829348013
   -0.3100000000           0.1911538842
   -0.3000000000           0.1998689790
   -0.2900000000           0.2091112367
   -0.2800000000           0.2189127840
   -0.2700000000           0.2293064099
   -0.2600000000           0.2403251317
   -0.2500000000           0.2520016124
   -0.2400000000           0.2643673954
   -0.2300000000           0.2774519180
   -0.2200000000           0.2912812628
   -0.2100000000           0.3058765998
   -0.2000000000           0.3212522763
   -0.1900000000           0.3374135124
   -0.1800000000           0.3543536733
   -0.1700000000           0.3720511070
   -0.1600000000           0.3904655703
   -0.1500000000           0.4095343117
   -0.1400000000           0.4291679466
   -0.1300000000           0.4492463452
   -0.1200000000           0.4696148546
   -0.1100000000           0.4900812920
   -0.1000000000           0.5104142497
   -0.0900000000           0.5303433414
   -0.0800000000           0.5495620372
   -0.0700000000           0.5677336719
   -0.0600000000           0.5845010154
   -0.0500000000           0.5994994562
   -0.0400000000           0.6123733801
   -0.0300000000           0.6227947719
   -0.0200000000           0.6304825303
   -0.0100000000           0.6352205858
    0.0000000000           0.6368727719
    0.0100000000           0.6353926081
    0.0200000000           0.6308267151
    0.0300000000           0.6233114002
    0.0400000000           0.6130628743
    0.0500000000           0.6003623816
    0.0600000000           0.5855380817
    0.0700000000           0.5689457355
    0.0800000000           0.5509501034
    0.0900000000           0.5319085678
    0.1000000000           0.5121579496
    0.1100000000           0.4920049385
    0.1200000000           0.4717200850
    0.1300000000           0.4515349661
    0.1400000000           0.4316419397
    0.1500000000           0.4121958398
    0.1600000000           0.3933169845
    0.1700000000           0.3750949543
    0.1800000000           0.3575927046
    0.1900000000           0.3408506920
    0.2000000000           0.3248907913
    0.2100000000           0.3097198716
    0.2200000000           0.2953329582
    0.2300000000           0.2817159623
    0.2400000000           0.2688479862
    0.2500000000           0.2567032346
    0.2600000000           0.2452525735
    0.2700000000           0.2344647806
    0.2800000000           0.2243075330
    0.2900000000           0.2147481741
    0.3000000000           0.2057542976
    0.3100000000           0.1972941832
    0.3200000000           0.1893371127
    0.3300000000           0.1818535898
    0.3400000000           0.1748154856
    0.3500000000           0.1681961253
    0.3600000000           0.1619703304
    0.3700000000           0.1561144265
    0.3800000000           0.1506062265
    0.3900000000           0.1454249956
    0.4000000000           0.1405514032
    0.4100000000           0.1359674663
    0.4200000000           0.1316564875
    0.4300000000           0.1276029903
    0.4400000000           0.1237926526
    0.4500000000           0.1202122404
    0.4600000000           0.1168495428
    0.4700000000           0.1136933070
    0.4800000000           0.1107331760
    0.4900000000           0.1079596267
    0.5000000000           0.1053639090
    0.5100000000           0.1029379857
    0.5200000000           0.1006744710
    0.5300000000           0.0985665690
    0.5400000000           0.0966080084
    0.5500000000           0.0947929741
    0.5600000000           0.0931160330
    0.5700000000           0.0915720537
    0.5800000000           0.0901561169
    0.5900000000           0.0888634164
    0.6000000000           0.0876891491
    0.6100000000           0.0866283936
    0.6200000000           0.0856759772
    0.6300000000           0.0848263346
    0.6400000000           0.0840733605
    0.6500000000           0.0834102644
    0.6600000000           0.0828294356
    0.6700000000           0.0823223326
    0.6800000000           0.0818794134
    0.6900000000           0.0814901246
    0.7000000000           0.0811429706
    0.7100000000           0.0808256789
    0.7200000000           0.0805254747
    0.7300000000           0.0802294648
    0.7400000000           0.0799251190
    0.7500000000           0.0796008170
    0.7600000000           0.0792464155
    0.7700000000           0.0788537753
    0.7800000000           0.0784171854
    0.7900000000           0.0779336265
    0.8000000000           0.0774028366
    0.8100000000           0.0768271624
    0.8200000000           0.0762112162
    0.8300000000           0.0755613785
    0.8400000000           0.0748852083
    0.8500000000           0.0741908307
    0.8600000000           0.0734863667
    0.8700000000           0.0727794591
    0.8800000000           0.0720769303
    0.8900000000           0.0713845889
    0.9000000000           0.0707071827
    0.9100000000           0.0700484828
    0.9200000000           0.0694114683
    0.9300000000           0.0687985758
    0.9400000000           0.0682119756
    0.9500000000           0.0676538358
    0.9600000000           0.0671265428
    0.9700000000           0.0666328572
    0.9800000000           0.0661759949
    0.9900000000           0.0657596342
    1.0000000000           0.0653878624
    1.0100000000           0.0650650792
    1.0200000000           0.0647958782
    1.0300000000           0.0645849267
    1.0400000000           0.0644368582
    1.0500000000           0.0643561888
    1.0600000000           0.0643472615
    1.0700000000           0.0644142169
    1.0800000000           0.0645609890
    1.0900000000           0.0647913177
    1.1000000000           0.0651087730
    1.1100000000           0.0655167832
    1.1200000000           0.0660186624
    1.1300000000           0.0666176294
    1.1400000000           0.0673168161
    1.1500000000           0.0681192589
    1.1600000000           0.0690278706
    1.1700000000           0.0700453891
    1.1800000000           0.0711742997
    1.1900000000           0.0724167268
    1.2000000000           0.0737742941
    1.2100000000           0.0752479494
    1.2200000000           0.0768377552
    1.2300000000           0.0785426438
    1.2400000000           0.0803601437
    1.2500000000           0.0822860839
    1.2600000000           0.0843142900
    1.2700000000           0.0864362930
    1.2800000000           0.0886410768
    1.2900000000           0.0909148972
    1.3000000000           0.0932412115
    1.3100000000           0.0956007552
    1.3200000000           0.0979717985
    1.3300000000           0.1003306016
    1.3400000000           0.1026520662
    1.3500000000           0.1049105498
    1.3600000000           0.1070807812
    1.3700000000           0.1091387862
    1.3800000000           0.1110627168
    1.3900000000           0.1128334853
    1.4000000000           0.1144351271
    1.4100000000           0.1158548676
    1.4200000000           0.1170829247
    1.4300000000           0.1181121366
    1.4400000000           0.1189375419
    1.4500000000           0.1195560489
    1.4600000000           0.1199663101
    1.4700000000           0.1201688624
    1.4800000000           0.1201665289
    1.4900000000           0.1199650044
    1.5000000000           0.1195734987
    1.5100000000           0.1190052830
    1.5200000000           0.1182780004
    1.5300000000           0.1174136415
    1.5400000000           0.1164381498
    1.5500000000           0.1153806865
    1.5600000000           0.1142726413
    1.5700000000           0.1131465048
    1.5800000000           0.1120347293
    1.5900000000           0.1109686828
    1.6000000000           0.1099777750
    1.6100000000           0.1090887945
    1.6200000000           0.1083254613
    1.6300000000           0.1077081740
    1.6400000000           0.1072539128
    1.6500000000           0.1069762512
    1.6600000000           0.1068854304
    1.6700000000           0.1069884564
    1.6800000000           0.1072891857
    1.6900000000           0.1077883802
    1.7000000000           0.1084837182
    1.7100000000           0.1093697625
    1.7200000000           0.1104378953
    1.7300000000           0.1116762383
    1.7400000000           0.1130695881
    1.7500000000           0.1145994000
    1.7600000000           0.1162438599
    1.7700000000           0.1179780844
    1.7800000000           0.1197744821
    1.7900000000           0.1216032986
    1.8000000000           0.1234333437
    1.8100000000           0.1252328750
    1.8200000000           0.1269705759
    1.8300000000           0.1286165377
    1.8400000000           0.1301431304
    1.8500000000           0.1315256491
    1.8600000000           0.1327426376
    1.8700000000           0.1337758435
    1.8800000000           0.1346098197
    1.8900000000           0.1352312639
    1.9000000000           0.1356282451
    1.9100000000           0.1357895042
    1.9200000000           0.1357040133
    1.9300000000           0.1353609363
    1.9400000000           0.1347500597
    1.9500000000           0.1338626681
    1.9600000000           0.1326927465
    1.9700000000           0.1312383147
    1.9800000000           0.1295026642
    1.9900000000           0.1274952727
    2.0000000000           0.1252322241
    2.0100000000           0.1227360466
    2.0200000000           0.1200349768
    2.0300000000           0.1171617488
    2.0400000000           0.1141520679
    2.0500000000           0.1110429579
    2.0600000000           0.1078711597
    2.0700000000           0.1046717253
    2.0800000000           0.1014769010
    2.0900000000           0.0983153396
    2.1000000000           0.0952116391
    2.1100000000           0.0921861710
    2.1200000000           0.0892551431
    2.1300000000           0.0864308373
    2.1400000000           0.0837219623
    2.1500000000           0.0811340726
    2.1600000000           0.0786700139
    2.1700000000           0.0763303667
    2.1800000000           0.0741138694
    2.1900000000           0.0720178105
    2.2000000000           0.0700383838
    2.2100000000           0.0681710048
    2.2200000000           0.0664105878
    2.2300000000           0.0647517830
    2.2400000000           0.0631891731
    2.2500000000           0.0617174293
    2.2600000000           0.0603314257
    2.2700000000           0.0590263133
    2.2800000000           0.0577975571
    2.2900000000           0.0566409401
    2.3000000000           0.0555525419
    2.3100000000           0.0545287005
    2.3200000000           0.0535659662
    2.3300000000           0.0526610553
    2.3400000000           0.0518108119
    2.3500000000           0.0510121825
    2.3600000000           0.0502622065
    2.3700000000           0.0495580230
    2.3800000000           0.0488968924
    2.3900000000           0.0482762297
    2.4000000000           0.0476936431
    2.4100000000           0.0471469729
    2.4200000000           0.0466343246
    2.4300000000           0.0461540898
    2.4400000000           0.0457049528
    2.4500000000           0.0452858803
    2.4600000000           0.0448960966
    2.4700000000           0.0445350455
    2.4800000000           0.0442023451
    2.4900000000           0.0438977376
    2.5000000000           0.0436210414
    2.5100000000           0.0433721053
    2.5200000000           0.0431507698
    2.5300000000           0.0429568335
    2.5400000000           0.0427900265
    2.5500000000           0.0426499877
    2.5600000000           0.0425362464
    2.5700000000           0.0424482062
    2.5800000000           0.0423851299
    2.5900000000           0.0423461260
    2.6000000000           0.0423301357
    2.6100000000           0.0423359230
    2.6200000000           0.0423620676
    2.6300000000           0.0424069645
    2.6400000000           0.0424688320
    2.6500000000           0.0425457308
    2.6600000000           0.0426355966
    2.6700000000           0.0427362873
    2.6800000000           0.0428456448
    2.6900000000           0.0429615694
    2.7000000000           0.0430821018
    2.7100000000           0.0432055087
    2.7200000000           0.0433303627
    2.7300000000           0.0434556110
    2.7400000000           0.0435806255
    2.7500000000           0.0437052302
    2.7600000000           0.0438297035
    2.7700000000           0.0439547554
    2.7800000000           0.0440814828
    2.7900000000           0.0442113070
    2.8000000000           0.0443458992
    2.8100000000           0.0444871006
    2.8200000000           0.0446368433
    2.8300000000           0.0447970762
    2.8400000000           0.0449697017
    2.8500000000           0.0451565247
    2.8600000000           0.0453592156
    2.8700000000           0.0455792870
    2.8800000000           0.0458180829
    2.8900000000           0.0460767779
    2.9000000000           0.0463563854
    2.9100000000           0.0466577711
    2.9200000000           0.0469816714
    2.9300000000           0.0473287140
    2.9400000000           0.0476994398
    2.9500000000           0.0480943262
    2.9600000000           0.0485138101
    2.9700000000           0.0489583111
    2.9800000000           0.0494282541
    2.9900000000           0.0499240910
    3.0000000000           0.0504463199
    3.0100000000           0.0509955033
    3.0200000000           0.0515722806
    3.0300000000           0.0521773780
    3.0400000000           0.0528116125
    3.0500000000           0.0534758909
    3.0600000000           0.0541712031
    3.0700000000           0.0548986117
    3.0800000000           0.0556592364
    3.0900000000           0.0564542361
    3.1000000000           0.0572847876
    3.1100000000           0.0581520625
    3.1200000000           0.0590572014
    3.1300000000           0.0600012860
    3.1400000000           0.0609853095
    3.1500000000           0.0620101435
    3.1600000000           0.0630765031
    3.1700000000           0.0641849101
    3.1800000000           0.0653356555
    3.1900000000           0.0665287627
    3.2000000000           0.0677639541
    3.2100000000           0.0690406240
    3.2200000000           0.0703578228
    3.2300000000           0.0717142542
    3.2400000000           0.0731082933
    3.2500000000           0.0745380273
    3.2600000000           0.0760013245
    3.2700000000           0.0774959334
    3.2800000000           0.0790196136
    3.2900000000           0.0805702948
    3.3000000000           0.0821462605
    3.3100000000           0.0837463444
    3.3200000000           0.0853701279
    3.3300000000           0.0870181208
    3.3400000000           0.0886919094
    3.3500000000           0.0903942562
    3.3600000000           0.0921291413
    3.3700000000           0.0939017409
    3.3800000000           0.0957183483
    3.3900000000           0.0975862460
    3.4000000000           0.0995135478
    3.4100000000           0.1015090255
    3.4200000000           0.1035819411
    3.4300000000           0.1057418974
    3.4400000000           0.1079987174
    3.4500000000           0.1103623583
    3.4600000000           0.1128428598
    3.4700000000           0.1154503250
    3.4800000000           0.1181949287
    3.4900000000           0.1210869474
    3.5000000000           0.1241368066
    3.5100000000           0.1273551393
    3.5200000000           0.1307528538
    3.5300000000           0.1343412062
    3.5400000000           0.1381318763
    3.5500000000           0.1421370433
    3.5600000000           0.1463694601
    3.5700000000           0.1508425226
    3.5800000000           0.1555703307
    3.5900000000           0.1605677383
    3.6000000000           0.1658503869
    3.6100000000           0.1714347189
    3.6200000000           0.1773379675
    3.6300000000           0.1835781159
    3.6400000000           0.1901738251
    3.6500000000           0.1971443236
    3.6600000000           0.2045092563
    3.6700000000           0.2122884912
    3.6800000000           0.2205018815
    3.6900000000           0.2291689849
    3.7000000000           0.2383087453
    3.7100000000           0.2479391464
    3.7200000000           0.2580768539
    3.7300000000           0.2687368691
    3.7400000000           0.2799322261
    3.7500000000           0.2916737679
    3.7600000000           0.3039700412
    3.7700000000           0.3168273411
    3.7800000000           0.3302499252
    3.7900000000           0.3442403850
    3.8000000000           0.3588001259
    3.8100000000           0.3739298533
    3.8200000000           0.3896299148
    3.8300000000           0.4059002982
    3.8400000000           0.4227400691
    3.8500000000           0.4401460341
    3.8600000000           0.4581104673
    3.8700000000           0.4766178204
    3.8800000000           0.4956404512
    3.8900000000           0.5151335366
    3.9000000000           0.5350294650
    3.9100000000           0.5552321310
    3.9200000000           0.5756116593
    3.9300000000           0.5960001748
    3.9400000000           0.6161892951
    3.9500000000           0.6359300429
    3.9600000000           0.6549358313
    3.9700000000           0.6728890372
    3.9800000000           0.6894514246
    3.9900000000           0.7042782891
    4.0000000000           0.7170356981
    4.0100000000           0.7274196515
    4.0200000000           0.7351754889
    4.0300000000           0.7401155503
    4.0400000000           0.7421330644
    4.0500000000           0.7412105580
    4.0600000000           0.7374217288
    4.0700000000           0.7309265807
    4.0800000000           0.7219605209
    4.0900000000           0.7108188595
    4.1000000000           0.6978386046
    4.1100000000           0.6833795462
    4.1200000000           0.6678063975
    4.1300000000           0.6514733214
    4.1400000000           0.6347116278
    4.1500000000           0.6178209074
    4.1600000000           0.6010634452
    4.1700000000           0.5846614661
    4.1800000000           0.5687966200
    4.1900000000           0.5536110761
    4.2000000000           0.5392096425
    4.2100000000           0.5256624291
    4.2200000000           0.5130076916
    4.2300000000           0.5012546237
    4.2400000000           0.4903859861
    4.2500000000           0.4803605693
    4.2600000000           0.4711155764
    4.2700000000           0.4625690772
    4.2800000000           0.4546227252
    4.2900000000           0.4471649282
    4.3000000000           0.4400746298
    4.3100000000           0.4332257758
    4.3200000000           0.4264924226
    4.3300000000           0.4197542972
    4.3400000000           0.4129024740
    4.3500000000           0.4058447111
    4.3600000000           0.3985099388
    4.3700000000           0.3908514175
    4.3800000000           0.3828482126
    4.3900000000           0.3745048265
    4.4000000000           0.3658490671
    4.4100000000           0.3569284500
    4.4200000000           0.3478055953
    4.4300000000           0.3385531549
    4.4400000000           0.3292487928
    4.4500000000           0.3199706460
    4.4600000000           0.3107935653
    4.4700000000           0.3017862826
    4.4800000000           0.2930095271
    4.4900000000           0.2845150087
    4.5000000000           0.2763451292
    4.5100000000           0.2685332534
    4.5200000000           0.2611043727
    4.5300000000           0.2540760115
    4.5400000000           0.2474592535
    4.5500000000           0.2412597942
    4.5600000000           0.2354789549
    4.5700000000           0.2301146140
    4.5800000000           0.2251620338
    4.5900000000           0.2206145722
    4.6000000000           0.2164642784
    4.6100000000           0.2127023790
    4.6200000000           0.2093196619
    4.6300000000           0.2063067696
    4.6400000000           0.2036544114
    4.6500000000           0.2013535050
    4.6600000000           0.1993952565
    4.6700000000           0.1977711882
    4.6800000000           0.1964731209
    4.6900000000           0.1954931211
    4.7000000000           0.1948234196
    4.7100000000           0.1944563124
    4.7200000000           0.1943840549
    4.7300000000           0.1945987612
    4.7400000000           0.1950923229
    4.7500000000           0.1958563617
    4.7600000000           0.1968822273
    4.7700000000           0.1981610527
    4.7800000000           0.1996838679
    4.7900000000           0.2014417694
    4.8000000000           0.2034261327
    4.8100000000           0.2056288425
    4.8200000000           0.2080425166
    4.8300000000           0.2106606893
    4.8400000000           0.2134779329
    4.8500000000           0.2164898986
    4.8600000000           0.2196932744
    4.8700000000           0.2230856687
    4.8800000000           0.2266654344
    4.8900000000           0.2304314532
    4.9000000000           0.2343828938
    4.9100000000           0.2385189512
    4.9200000000           0.2428385661
    4.9300000000           0.2473401172
    4.9400000000           0.2520210800
    4.9500000000           0.2568776496
    4.9600000000           0.2619043349
    4.9700000000           0.2670935434
    4.9800000000           0.2724351870
    4.9900000000           0.2779163428
    5.0000000000           0.2835210049
    5.0100000000           0.2892299529
    5.0200000000           0.2950207467
    5.0300000000           0.3008678439
    5.0400000000           0.3067428162
    5.0500000000           0.3126146403
    5.0600000000           0.3184500448
    5.0700000000           0.3242139106
    5.0800000000           0.3298697505
    5.0900000000           0.3353803086
    5.1000000000           0.3407083279
    5.1100000000           0.3458175072
    5.1200000000           0.3506736234
    5.1300000000           0.3552457306
    5.1400000000           0.3595072871
    5.1500000000           0.3634370300
    5.1600000000           0.3670194288
    5.1700000000           0.3702446179
    5.1800000000           0.3731078113
    5.1900000000           0.3756083262
    5.2000000000           0.3777484420
    5.2100000000           0.3795323724
    5.2200000000           0.3809656104
    5.2300000000           0.3820548254
    5.2400000000           0.3828083622
    5.2500000000           0.3832372491
    5.2600000000           0.3833565050
    5.2700000000           0.3831864525
    5.2800000000           0.3827537353
    5.2900000000           0.3820917730
    5.3000000000           0.3812404810
    5.3100000000           0.3802451878
    5.3200000000           0.3791548033
    5.3300000000           0.3780193903
    5.3400000000           0.3768873688
    5.3500000000           0.3758026251
    5.3600000000           0.3748018056
    5.3700000000           0.3739120581
    5.3800000000           0.3731494349
    5.3900000000           0.3725181145
    5.4000000000           0.3720105291
    5.4100000000           0.3716084082
    5.4200000000           0.3712846791
    5.4300000000           0.3710060883
    5.4400000000           0.3707363442
    5.4500000000           0.3704395216
    5.4600000000           0.3700834306
    5.4700000000           0.3696426357
    5.4800000000           0.3691008287
    5.4900000000           0.3684523131
    5.5000000000           0.3677024461
    5.5100000000           0.3668670023
    5.5200000000           0.3659705477
    5.5300000000           0.3650440325
    5.5400000000           0.3641219042
    5.5500000000           0.3632390898
    5.5600000000           0.3624282066
    5.5700000000           0.3617173163
    5.5800000000           0.3611284671
    5.5900000000           0.3606771725
    5.6000000000           0.3603728638
    5.6100000000           0.3602202444
    5.6200000000           0.3602213716
    5.6300000000           0.3603782040
    5.6400000000           0.3606952959
    5.6500000000           0.3611823032
    5.6600000000           0.3618559899
    5.6700000000           0.3627414997
    5.6800000000           0.3638727606
    5.6900000000           0.3652920148
    5.7000000000           0.3670485758
    5.7100000000           0.3691969996
    5.7200000000           0.3717948938
    5.7300000000           0.3749005857
    5.7400000000           0.3785708285
    5.7500000000           0.3828586611
    5.7600000000           0.3878114721
    5.7700000000           0.3934692535
    5.7800000000           0.3998629921
    5.7900000000           0.4070131164
    5.8000000000           0.4149279188
    5.8100000000           0.4236018842
    5.8200000000           0.4330138895
    5.8300000000           0.4431252802
    5.8400000000           0.4538778881
    5.8500000000           0.4651921149
    5.8600000000           0.4769652771
    5.8700000000           0.4890704704
    5.8800000000           0.5013562681
    5.8900000000           0.5136475961
    5.9000000000           0.5257481170
    5.9100000000           0.5374443947
    5.9200000000           0.5485119817
    5.9300000000           0.5587233838
    5.9400000000           0.5678576157
    5.9500000000           0.5757108023
    5.9600000000           0.5821070354
    5.9700000000           0.5869085302
    5.9800000000           0.5900240660
    5.9900000000           0.5914147842
    6.0000000000           0.5910966588
    6.0100000000           0.5891393072
    6.0200000000           0.5856612426
    6.0300000000           0.5808220793
    6.0400000000           0.5748125438
    6.0500000000           0.5678433334
    6.0600000000           0.5601339022
    6.0700000000           0.5519021279
    6.0800000000           0.5433555891
    6.0900000000           0.5346848926
    6.1000000000           0.5260592142
    6.1100000000           0.5176239707
    6.1200000000           0.5095003716
    6.1300000000           0.5017864886
    6.1400000000           0.4945594362
    6.1500000000           0.4878782525
    6.1600000000           0.4817870936
    6.1700000000           0.4763184002
    6.1800000000           0.4714957447
    6.1900000000           0.4673361315
    6.2000000000           0.4638515909
    6.2100000000           0.4610499785
    6.2200000000           0.4589349701
    6.2300000000           0.4575053108
    6.2400000000           0.4567534387
    6.2500000000           0.4566636521
    6.2600000000           0.4572100172
    6.2700000000           0.4583542280
    6.2800000000           0.4600436327
    6.2900000000           0.4622096310
    6.3000000000           0.4647666374
    6.3100000000           0.4676117883
    6.3200000000           0.4706255512
    6.3300000000           0.4736733695
    6.3400000000           0.4766084339
    6.3500000000           0.4792756180
    6.3600000000           0.4815165317
    6.3700000000           0.4831755445
    6.3800000000           0.4841065005
    6.3900000000           0.4841797121
    6.4000000000           0.4832886947
    6.4100000000           0.4813560267
    6.4200000000           0.4783377150
    6.4300000000           0.4742255498
    6.4400000000           0.4690471293
    6.4500000000           0.4628635138
    6.4600000000           0.4557647657
    6.4700000000           0.4478638904
    6.4800000000           0.4392898611
    6.4900000000           0.4301804506
    6.5000000000           0.4206755277
    6.5100000000           0.4109113125
    6.5200000000           0.4010158879
    6.5300000000           0.3911060626
    6.5400000000           0.3812855146
    6.5500000000           0.3716440309
    6.5600000000           0.3622575921
    6.5700000000           0.3531890420
    6.5800000000           0.3444891013
    6.5900000000           0.3361975316
    6.6000000000           0.3283443101
    6.6100000000           0.3209507344
    6.6200000000           0.3140304197
    6.6300000000           0.3075901903
    6.6400000000           0.3016308856
    6.6500000000           0.2961481135
    6.6600000000           0.2911329819
    6.6700000000           0.2865728325
    6.6800000000           0.2824519941
    6.6900000000           0.2787525585
    6.7000000000           0.2754551755
    6.7100000000           0.2725398546
    6.7200000000           0.2699867597
    6.7300000000           0.2677769761
    6.7400000000           0.2658932310
    6.7500000000           0.2643205413
    6.7600000000           0.2630467624
    6.7700000000           0.2620630012
    6.7800000000           0.2613638589
    6.7900000000           0.2609474637
    6.8000000000           0.2608152668
    6.8100000000           0.2609715792
    6.8200000000           0.2614228522
    6.8300000000           0.2621767153
    6.8400000000           0.2632408102
    6.8500000000           0.2646214672
    6.8600000000           0.2663222840
    6.8700000000           0.2683426679
    6.8800000000           0.2706764055
    6.8900000000           0.2733103246
    6.9000000000           0.2762231166
    6.9100000000           0.2793843958
    6.9200000000           0.2827540851
    6.9300000000           0.2862822284
    6.9400000000           0.2899093446
    6.9500000000           0.2935674327
    6.9600000000           0.2971817178
    6.9700000000           0.3006731807
    6.9800000000           0.3039618292
    6.9900000000           0.3069705619
    7.0000000000           0.3096293532
    7.0100000000           0.3118793757
    7.0200000000           0.3136766068
    7.0300000000           0.3149944621
    7.0400000000           0.3158250815
    7.0500000000           0.3161790487
    7.0600000000           0.3160835331
    7.0700000000           0.3155790562
    7.0800000000           0.3147152614
    7.0900000000           0.3135461769
    7.1000000000           0.3121254820
    7.1100000000           0.3105022434
    7.1200000000           0.3087174842
    7.1300000000           0.3068018232
    7.1400000000           0.3047742970
    7.1500000000           0.3026423669
    7.1600000000           0.3004030211
    7.1700000000           0.2980448121
    7.1800000000           0.2955506123
    7.1900000000           0.2929008243
    7.2000000000           0.2900767525
    7.2100000000           0.2870638242
    7.2200000000           0.2838543585
    7.2300000000           0.2804496237
    7.2400000000           0.2768609946
    7.2500000000           0.2731101229
    7.2600000000           0.2692281482
    7.2700000000           0.2652540835
    7.2800000000           0.2612325954
    7.2900000000           0.2572114443
    7.3000000000           0.2532388567
    7.3100000000           0.2493610692
    7.3200000000           0.2456202282
    7.3300000000           0.2420527574
    7.3400000000           0.2386882418
    7.3500000000           0.2355488169
    7.3600000000           0.2326490077
    7.3700000000           0.2299959379
    7.3800000000           0.2275898120
    7.3900000000           0.2254245727
    7.4000000000           0.2234886429
    7.4100000000           0.2217656793
    7.4200000000           0.2202352870
    7.4300000000           0.2188736777
    7.4400000000           0.2176542807
    7.4500000000           0.2165483506
    7.4600000000           0.2155256297
    7.4700000000           0.2145551305
    7.4800000000           0.2136060857
    7.4900000000           0.2126490823
    7.5000000000           0.2116573451
    7.5100000000           0.2106080867
    7.5200000000           0.2094837956
    7.5300000000           0.2082733105
    7.5400000000           0.2069725365
    7.5500000000           0.2055846880
    7.5600000000           0.2041200059
    7.5700000000           0.2025949620
    7.5800000000           0.2010310254
    7.5900000000           0.1994531166
    7.6000000000           0.1978878927
    7.6100000000           0.1963620063
    7.6200000000           0.1949004564
    7.6300000000           0.1935251185
    7.6400000000           0.1922535083
    7.6500000000           0.1910978085
    7.6600000000           0.1900641717
    7.6700000000           0.1891523121
    7.6800000000           0.1883553949
    7.6900000000           0.1876602430
    7.7000000000           0.1870478730
    7.7100000000           0.1864943699
    7.7200000000           0.1859720848
    7.7300000000           0.1854511114
    7.7400000000           0.1849009559
    7.7500000000           0.1842922793
    7.7600000000           0.1835985611
    7.7700000000           0.1827975263
    7.7800000000           0.1818721943
    7.7900000000           0.1808114487
    7.8000000000           0.1796100897
    7.8100000000           0.1782683899
    7.8200000000           0.1767912374
    7.8300000000           0.1751869851
    7.8400000000           0.1734661486
    7.8500000000           0.1716400919
    7.8600000000           0.1697198278
    7.8700000000           0.1677150349
    7.8800000000           0.1656333696
    7.8900000000           0.1634801170
    7.9000000000           0.1612581963
    7.9100000000           0.1589684997
    7.9200000000           0.1566105108
    7.9300000000           0.1541831157
    7.9400000000           0.1516854971
    7.9500000000           0.1491179902
    7.9600000000           0.1464827822
    7.9700000000           0.1437843660
    7.9800000000           0.1410296900
    7.9900000000           0.1382280012
    8.0000000000           0.1353904192
    8.0100000000           0.1325293210
    8.0200000000           0.1296576333
    8.0300000000           0.1267881336
    8.0400000000           0.1239328431
    8.0500000000           0.1211025703
    8.0600000000           0.1183066306
    8.0700000000           0.1155527396
    8.0800000000           0.1128470534
    8.0900000000           0.1101943161
    8.1000000000           0.1075980666
    8.1100000000           0.1050608631
    8.1200000000           0.1025844902
    8.1300000000           0.1001701269
    8.1400000000           0.0978184674
    8.1500000000           0.0955297987
    8.1600000000           0.0933040434
    8.1700000000           0.0911407836
    8.1800000000           0.0890392751
    8.1900000000           0.0869984624
    8.2000000000           0.0850169990
    8.2100000000           0.0830932750
    8.2200000000           0.0812254534
    8.2300000000           0.0794115153
    8.2400000000           0.0776493146
    8.2500000000           0.0759366409
    8.2600000000           0.0742712906
    8.2700000000           0.0726511383
    8.2800000000           0.0710742064
    8.2900000000           0.0695387223
    8.3000000000           0.0680431583
    8.3100000000           0.0665862486
    8.3200000000           0.0651669836
    8.3300000000           0.0637845821
    8.3400000000           0.0624384493
    8.3500000000           0.0611281283
    8.3600000000           0.0598532523
    8.3700000000           0.0586135070
    8.3800000000           0.0574086044
    8.3900000000           0.0562382709
    8.4000000000           0.0551022451
    8.4100000000           0.0540002817
    8.4200000000           0.0529321543
    8.4300000000           0.0518976540
    8.4400000000           0.0508965781
    8.4500000000           0.0499287098
    8.4600000000           0.0489937880
    8.4700000000           0.0480914725
    8.4800000000           0.0472213060
    8.4900000000           0.0463826805
    8.5000000000           0.0455748107
    8.5100000000           0.0447967197
    8.5200000000           0.0440472398
    8.5300000000           0.0433250283
    8.5400000000           0.0426285998
    8.5500000000           0.0419563705
    8.5600000000           0.0413067125
    8.5700000000           0.0406780122
    8.5800000000           0.0400687273
    8.5900000000           0.0394774381
    8.6000000000           0.0389028884
    8.6100000000           0.0383440139
    8.6200000000           0.0377999571
    8.6300000000           0.0372700704
    8.6400000000           0.0367539087
    8.6500000000           0.0362512147
    8.6600000000           0.0357618989
    8.6700000000           0.0352860163
    8.6800000000           0.0348237413
    8.6900000000           0.0343753413
    8.7000000000           0.0339411507
    8.7100000000           0.0335215459
    8.7200000000           0.0331169232
    8.7300000000           0.0327276806
    8.7400000000           0.0323542047
    8.7500000000           0.0319968626
    8.7600000000           0.0316559993
    8.7700000000           0.0313319383
    8.7800000000           0.0310249853
    8.7900000000           0.0307354335
    8.8000000000           0.0304635683
    8.8100000000           0.0302096732
    8.8200000000           0.0299740352
    8.8300000000           0.0297569499
    8.8400000000           0.0295587284
    8.8500000000           0.0293797042
    8.8600000000           0.0292202412
    8.8700000000           0.0290807402
    8.8800000000           0.0289616455
    8.8900000000           0.0288634469
    8.9000000000           0.0287866779
    8.9100000000           0.0287319088
    8.9200000000           0.0286997326
    8.9300000000           0.0286907454
    8.9400000000           0.0287055209
    8.9500000000           0.0287445812
    8.9600000000           0.0288083637
    8.9700000000           0.0288971875
    8.9800000000           0.0290112209
    8.9900000000           0.0291504505
    9.0000000000           0.0293146543
    9.0100000000           0.0295033786
    9.0200000000           0.0297159191
    9.0300000000           0.0299513038
    9.0400000000           0.0302082757
    9.0500000000           0.0304852710
    9.0600000000           0.0307803883
    9.0700000000           0.0310913452
    9.0800000000           0.0314154191
    9.0900000000           0.0317493733
    9.1000000000           0.0320893731
    9.1100000000           0.0324309003
    9.1200000000           0.0327686827
    9.1300000000           0.0330966541
    9.1400000000           0.0334079658
    9.1500000000           0.0336950673
    9.1600000000           0.0339498699
    9.1700000000           0.0341639996
    9.1800000000           0.0343291324
    9.1900000000           0.0344373953
    9.2000000000           0.0344818008
    9.2100000000           0.0344566738
    9.2200000000           0.0343580248
    9.2300000000           0.0341838253
    9.2400000000           0.0339341521
    9.2500000000           0.0336111827
    9.2600000000           0.0332190448
    9.2700000000           0.0327635396
    9.2800000000           0.0322517764
    9.2900000000           0.0316917588
    9.3000000000           0.0310919665
    9.3100000000           0.0304609690
    9.3200000000           0.0298070954
    9.3300000000           0.0291381776
    9.3400000000           0.0284613674
    9.3500000000           0.0277830248
    9.3600000000           0.0271086664
    9.3700000000           0.0264429604
    9.3800000000           0.0257897575
    9.3900000000           0.0251521440
    9.4000000000           0.0245325094
    9.4100000000           0.0239326212
    9.4200000000           0.0233537016
    9.4300000000           0.0227965033
    9.4400000000           0.0222613820
    9.4500000000           0.0217483639
    9.4600000000           0.0212572082
    9.4700000000           0.0207874634
    9.4800000000           0.0203385172
    9.4900000000           0.0199096414
    9.5000000000           0.0195000295
    9.5100000000           0.0191088295
    9.5200000000           0.0187351709
    9.5300000000           0.0183781860
    9.5400000000           0.0180370268
    9.5500000000           0.0177108768
    9.5600000000           0.0173989593
    9.5700000000           0.0171005421
    9.5800000000           0.0168149395
    9.5900000000           0.0165415124
    9.6000000000           0.0162796672
    9.6100000000           0.0160288539
    9.6200000000           0.0157885642
    9.6300000000           0.0155583299
    9.6400000000           0.0153377220
    9.6500000000           0.0151263497
    9.6600000000           0.0149238600
    9.6700000000           0.0147299372
    9.6800000000           0.0145443015
    9.6900000000           0.0143667069
    9.7000000000           0.0141969386
    9.7100000000           0.0140348093
    9.7200000000           0.0138801541
    9.7300000000           0.0137328265
    9.7400000000           0.0135926933
    9.7500000000           0.0134596299
    9.7600000000           0.0133335166
    9.7700000000           0.0132142345
    9.7800000000           0.0131016623
    9.7900000000           0.0129956733
    9.8000000000           0.0128961319
    9.8100000000           0.0128028900
    9.8200000000           0.0127157831
    9.8300000000           0.0126346253
    9.8400000000           0.0125592042
    9.8500000000           0.0124892749
    9.8600000000           0.0124245544
    9.8700000000           0.0123647159
    9.8800000000           0.0123093839
    9.8900000000           0.0122581321
    9.9000000000           0.0122104813
    9.9100000000           0.0121659025
    9.9200000000           0.0121238213
    9.9300000000           0.0120836265
    9.9400000000           0.0120446817
    9.9500000000           0.0120063394
    9.9600000000           0.0119679573
    9.9700000000           0.0119289155
    9.9800000000           0.0118886333
    9.9900000000           0.0118465863
   10.0000000000           0.0118023216
   10.0100000000           0.0117554701
   10.0200000000           0.0117057582
   10.0300000000           0.0116530147
   10.0400000000           0.0115971754
   10.0500000000           0.0115382833
   10.0600000000           0.0114764844
   10.0700000000           0.0114120196
   10.0800000000           0.0113452118
   10.0900000000           0.0112764506
   10.1000000000           0.0112061742
   10.1100000000           0.0111348513
   10.1200000000           0.0110629643
   10.1300000000           0.0109909932
   10.1400000000           0.0109194040
   10.1500000000           0.0108486385
   10.1600000000           0.0107791069
   10.1700000000           0.0107111825
   10.1800000000           0.0106451963
   10.1900000000           0.0105814332
   10.2000000000           0.0105201278
   10.2100000000           0.0104614608
   10.2200000000           0.0104055566
   10.2300000000           0.0103524827
   10.2400000000           0.0103022518
   10.2500000000           0.0102548268
   10.2600000000           0.0102101299
   10.2700000000           0.0101680543
   10.2800000000           0.0101284797
   10.2900000000           0.0100912885
   10.3000000000           0.0100563826
   10.3100000000           0.0100236984
   10.3200000000           0.0099932187
   10.3300000000           0.0099649792
   10.3400000000           0.0099390695
   10.3500000000           0.0099156285
   10.3600000000           0.0098948332
   10.3700000000           0.0098768842
   10.3800000000           0.0098619872
   10.3900000000           0.0098503341
   10.4000000000           0.0098420840
   10.4100000000           0.0098373458
   10.4200000000           0.0098361635
   10.4300000000           0.0098385052
   10.4400000000           0.0098442546
   10.4500000000           0.0098532071
   10.4600000000           0.0098650685
   10.4700000000           0.0098794574
   10.4800000000           0.0098959102
   10.4900000000           0.0099138893
   10.5000000000           0.0099327937
   10.5100000000           0.0099519724
   10.5200000000           0.0099707396
   10.5300000000           0.0099883927
   10.5400000000           0.0100042316
   10.5500000000           0.0100175783
   10.5600000000           0.0100277982
   10.5700000000           0.0100343199
   10.5800000000           0.0100366550
   10.5900000000           0.0100344156
   10.6000000000           0.0100273286
   10.6100000000           0.0100152468
   10.6200000000           0.0099981547
   10.6300000000           0.0099761684
   10.6400000000           0.0099495291
   10.6500000000           0.0099185910
   10.6600000000           0.0098838029
   10.6700000000           0.0098456877
   10.6800000000           0.0098048199
   10.6900000000           0.0097618039
   10.7000000000           0.0097172558
   10.7100000000           0.0096717888
   10.7200000000           0.0096260046
   10.7300000000           0.0095804875
   10.7400000000           0.0095358039
   10.7500000000           0.0094925025
   10.7600000000           0.0094511159
   10.7700000000           0.0094121612
   10.7800000000           0.0093761399
   10.7900000000           0.0093435349
   10.8000000000           0.0093148079
   10.8100000000           0.0092903943
   10.8200000000           0.0092706995
   10.8300000000           0.0092560943
   10.8400000000           0.0092469118
   10.8500000000           0.0092434452
   10.8600000000           0.0092459456
   10.8700000000           0.0092546203
   10.8800000000           0.0092696307
   10.8900000000           0.0092910888
   10.9000000000           0.0093190528
   10.9100000000           0.0093535209
   10.9200000000           0.0093944231
   10.9300000000           0.0094416120
   10.9400000000           0.0094948527
   10.9500000000           0.0095538126
   10.9600000000           0.0096180527
   10.9700000000           0.0096870214
   10.9800000000           0.0097600529
   10.9900000000           0.0098363723
   11.0000000000           0.0099151065
   11.0100000000           0.0099953052
   11.0200000000           0.0100759681
   11.0300000000           0.0101560802
   11.0400000000           0.0102346500
   11.0500000000           0.0103107496
   11.0600000000           0.0103835511
   11.0700000000           0.0104523566
   11.0800000000           0.0105166184
   11.0900000000           0.0105759484
   11.1000000000           0.0106301166
   11.1100000000           0.0106790401
   11.1200000000           0.0107227667
   11.1300000000           0.0107614544
   11.1400000000           0.0107953508
   11.1500000000           0.0108247740
   11.1600000000           0.0108500949
   11.1700000000           0.0108717212
   11.1800000000           0.0108900814
   11.1900000000           0.0109056068
   11.2000000000           0.0109187105
   11.2100000000           0.0109297623
   11.2200000000           0.0109390613
   11.2300000000           0.0109468065
   11.2400000000           0.0109530698
   11.2500000000           0.0109577743
   11.2600000000           0.0109606825
   11.2700000000           0.0109613975
   11.2800000000           0.0109593802
   11.2900000000           0.0109539821
   11.3000000000           0.0109444942
   11.3100000000           0.0109302059
   11.3200000000           0.0109104710
   11.3300000000           0.0108847710
   11.3400000000           0.0108527715
   11.3500000000           0.0108143621
   11.3600000000           0.0107696769
   11.3700000000           0.0107190937
   11.3800000000           0.0106632110
   11.3900000000           0.0106028081
   11.4000000000           0.0105387918
   11.4100000000           0.0104721382
   11.4200000000           0.0104038325
   11.4300000000           0.0103348147
   11.4400000000           0.0102659343
   11.4500000000           0.0101979161
   11.4600000000           0.0101313383
   11.4700000000           0.0100666239
   11.4800000000           0.0100040437
   11.4900000000           0.0099437302
   11.5000000000           0.0098857001
   11.5100000000           0.0098298836
   11.5200000000           0.0097761575
   11.5300000000           0.0097243790
   11.5400000000           0.0096744181
   11.5500000000           0.0096261834
   11.5600000000           0.0095796423
   11.5700000000           0.0095348304
   11.5800000000           0.0094918526
   11.5900000000           0.0094508742
   11.6000000000           0.0094121058
   11.6100000000           0.0093757827
   11.6200000000           0.0093421419
   11.6300000000           0.0093113995
   11.6400000000           0.0092837291
   11.6500000000           0.0092592437
   11.6600000000           0.0092379804
   11.6700000000           0.0092198888
   11.6800000000           0.0092048217
   11.6900000000           0.0091925302
   11.7000000000           0.0091826601
   11.7100000000           0.0091747526
   11.7200000000           0.0091682481
   11.7300000000           0.0091624933
   11.7400000000           0.0091567536
   11.7500000000           0.0091502292
   11.7600000000           0.0091420763
   11.7700000000           0.0091314327
   11.7800000000           0.0091174477
   11.7900000000           0.0090993145
   11.8000000000           0.0090763048
   11.8100000000           0.0090478029
   11.8200000000           0.0090133369
   11.8300000000           0.0089726055
   11.8400000000           0.0089254969
   11.8500000000           0.0088720986
   11.8600000000           0.0088126958
   11.8700000000           0.0087477603
   11.8800000000           0.0086779279
   11.8900000000           0.0086039685
   11.9000000000           0.0085267508
   11.9100000000           0.0084472027
   11.9200000000           0.0083662739
   11.9300000000           0.0082848995
   11.9400000000           0.0082039687
   11.9500000000           0.0081242996
   11.9600000000           0.0080466197
   11.9700000000           0.0079715533
   11.9800000000           0.0078996153
   11.9900000000           0.0078312096
   12.0000000000           0.0077666328
   12.0100000000           0.0077060812
   12.0200000000           0.0076496601
   12.0300000000           0.0075973961
   12.0400000000           0.0075492492
   12.0500000000           0.0075051256
   12.0600000000           0.0074648898
   12.0700000000           0.0074283755
   12.0800000000           0.0073953949
   12.0900000000           0.0073657449
   12.1000000000           0.0073392129
   12.1100000000           0.0073155794
   12.1200000000           0.0072946202
   12.1300000000           0.0072761091
   12.1400000000           0.0072598192
   12.1500000000           0.0072455269
   12.1600000000           0.0072330159
   12.1700000000           0.0072220816
   12.1800000000           0.0072125367
   12.1900000000           0.0072042147
   12.2000000000           0.0071969736
   12.2100000000           0.0071906970
   12.2200000000           0.0071852936
   12.2300000000           0.0071806953
   12.2400000000           0.0071768527
   12.2500000000           0.0071737304
   12.2600000000           0.0071712999
   12.2700000000           0.0071695328
   12.2800000000           0.0071683936
   12.2900000000           0.0071678314
   12.3000000000           0.0071677733
   12.3100000000           0.0071681181
   12.3200000000           0.0071687321
   12.3300000000           0.0071694464
   12.3400000000           0.0071700589
   12.3500000000           0.0071703379
   12.3600000000           0.0071700301
   12.3700000000           0.0071688715
   12.3800000000           0.0071666001
   12.3900000000           0.0071629699
   12.4000000000           0.0071577637
   12.4100000000           0.0071508049
   12.4200000000           0.0071419652
   12.4300000000           0.0071311699
   12.4400000000           0.0071183982
   12.4500000000           0.0071036807
   12.4600000000           0.0070870933
   12.4700000000           0.0070687493
   12.4800000000           0.0070487899
   12.4900000000           0.0070273750
   12.5000000000           0.0070046738
   12.5100000000           0.0069808573
   12.5200000000           0.0069560935
   12.5300000000           0.0069305445
   12.5400000000           0.0069043668
   12.5500000000           0.0068777139
   12.5600000000           0.0068507416
   12.5700000000           0.0068236128
   12.5800000000           0.0067965035
   12.5900000000           0.0067696059
   12.6000000000           0.0067431292
   12.6100000000           0.0067172966
   12.6200000000           0.0066923381
   12.6300000000           0.0066684799
   12.6400000000           0.0066459308
   12.6500000000           0.0066248674
   12.6600000000           0.0066054197
   12.6700000000           0.0065876588
   12.6800000000           0.0065715880
   12.6900000000           0.0065571389
   12.7000000000           0.0065441715
   12.7100000000           0.0065324803
   12.7200000000           0.0065218039
   12.7300000000           0.0065118379
   12.7400000000           0.0065022506
   12.7500000000           0.0064926990
   12.7600000000           0.0064828449
   12.7700000000           0.0064723703
   12.7800000000           0.0064609906
   12.7900000000           0.0064484657
   12.8000000000           0.0064346089
   12.8100000000           0.0064192922
   12.8200000000           0.0064024490
   12.8300000000           0.0063840728
   12.8400000000           0.0063642128
   12.8500000000           0.0063429666
   12.8600000000           0.0063204692
   12.8700000000           0.0062968798
   12.8800000000           0.0062723667
   12.8900000000           0.0062470919
   12.9000000000           0.0062211946
   12.9100000000           0.0061947777
   12.9200000000           0.0061678951
   12.9300000000           0.0061405443
   12.9400000000           0.0061126627
   12.9500000000           0.0060841287
   12.9600000000           0.0060547694
   12.9700000000           0.0060243725
   12.9800000000           0.0059927017
   12.9900000000           0.0059595160
   13.0000000000           0.0059245898
   13.0100000000           0.0058877312
   13.0200000000           0.0058487992
   13.0300000000           0.0058077166
   13.0400000000           0.0057644767
   13.0500000000           0.0057191465
   13.0600000000           0.0056718624
   13.0700000000           0.0056228225
   13.0800000000           0.0055722743
   13.0900000000           0.0055205005
   13.1000000000           0.0054678037
   13.1100000000           0.0054144914
   13.1200000000           0.0053608628
   13.1300000000           0.0053071979
   13.1400000000           0.0052537493
   13.1500000000           0.0052007371
   13.1600000000           0.0051483469
   13.1700000000           0.0050967294
   13.1800000000           0.0050460025
   13.1900000000           0.0049962556
   13.2000000000           0.0049475534
   13.2100000000           0.0048999419
   13.2200000000           0.0048534531
   13.2300000000           0.0048081101
   13.2400000000           0.0047639310
   13.2500000000           0.0047209314
   13.2600000000           0.0046791257
   13.2700000000           0.0046385262
   13.2800000000           0.0045991407
   13.2900000000           0.0045609697
   13.3000000000           0.0045240018
   13.3100000000           0.0044882097
   13.3200000000           0.0044535468
   13.3300000000           0.0044199456
   13.3400000000           0.0043873166
   13.3500000000           0.0043555506
   13.3600000000           0.0043245226
   13.3700000000           0.0042940976
   13.3800000000           0.0042641375
   13.3900000000           0.0042345095
   13.4000000000           0.0042050941
   13.4100000000           0.0041757920
   13.4200000000           0.0041465301
   13.4300000000           0.0041172655
   13.4400000000           0.0040879863
   13.4500000000           0.0040587113
   13.4600000000           0.0040294865
   13.4700000000           0.0040003807
   13.4800000000           0.0039714789
   13.4900000000           0.0039428764
   13.5000000000           0.0039146716
   13.5100000000           0.0038869601
   13.5200000000           0.0038598293
   13.5300000000           0.0038333544
   13.5400000000           0.0038075954
   13.5500000000           0.0037825959
   13.5600000000           0.0037583832
   13.5700000000           0.0037349690
   13.5800000000           0.0037123519
   13.5900000000           0.0036905198
   13.6000000000           0.0036694527
   13.6100000000           0.0036491253
   13.6200000000           0.0036295101
   13.6300000000           0.0036105789
   13.6400000000           0.0035923047
   13.6500000000           0.0035746629
   13.6600000000           0.0035576316
   13.6700000000           0.0035411925
   13.6800000000           0.0035253304
   13.6900000000           0.0035100338
   13.7000000000           0.0034952943
   13.7100000000           0.0034811067
   13.7200000000           0.0034674691
   13.7300000000           0.0034543828
   13.7400000000           0.0034418527
   13.7500000000           0.0034298867
   13.7600000000           0.0034184966
   13.7700000000           0.0034076975
   13.7800000000           0.0033975082
   13.7900000000           0.0033879504
   13.8000000000           0.0033790488
   13.8100000000           0.0033708301
   13.8200000000           0.0033633220
   13.8300000000           0.0033565525
   13.8400000000           0.0033505486
   13.8500000000           0.0033453345
   13.8600000000           0.0033409309
   13.8700000000           0.0033373535
   13.8800000000           0.0033346118
   13.8900000000           0.0033327086
   13.9000000000           0.0033316395
   13.9100000000           0.0033313933
   13.9200000000           0.0033319526
   13.9300000000           0.0033332952
   13.9400000000           0.0033353964
   13.9500000000           0.0033382307
   13.9600000000           0.0033417751
   13.9700000000           0.0033460117
   13.9800000000           0.0033509303
   13.9900000000           0.0033565315
   14.0000000000           0.0033628282
   14.0100000000           0.0033698475
   14.0200000000           0.0033776314
   14.0300000000           0.0033862369
   14.0400000000           0.0033957352
   14.0500000000           0.0034062106
   14.0600000000           0.0034177585
   14.0700000000           0.0034304834
   14.0800000000           0.0034444968
   14.0900000000           0.0034599147
   14.1000000000           0.0034768568
   14.1100000000           0.0034954448
   14.1200000000           0.0035158027
   14.1300000000           0.0035380572
   14.1400000000           0.0035623388
   14.1500000000           0.0035887833
   14.1600000000           0.0036175336
   14.1700000000           0.0036487411
   14.1800000000           0.0036825663
   14.1900000000           0.0037191787
   14.2000000000           0.0037587555
   14.2100000000           0.0038014791
   14.2200000000           0.0038475339
   14.2300000000           0.0038971015
   14.2400000000           0.0039503558
   14.2500000000           0.0040074569
   14.2600000000           0.0040685444
   14.2700000000           0.0041337301
   14.2800000000           0.0042030901
   14.2900000000           0.0042766558
   14.3000000000           0.0043544049
   14.3100000000           0.0044362513
   14.3200000000           0.0045220353
   14.3300000000           0.0046115145
   14.3400000000           0.0047043556
   14.3500000000           0.0048001287
   14.3600000000           0.0048983047
   14.3700000000           0.0049982564
   14.3800000000           0.0050992642
   14.3900000000           0.0052005265
   14.4000000000           0.0053011740
   14.4100000000           0.0054002878
   14.4200000000           0.0054969186
   14.4300000000           0.0055901072
   14.4400000000           0.0056789023
   14.4500000000           0.0057623759
   14.4600000000           0.0058396352
   14.4700000000           0.0059098298
   14.4800000000           0.0059721573
   14.4900000000           0.0060258671
   14.5000000000           0.0060702666
   14.5100000000           0.0061047295
   14.5200000000           0.0061287111
   14.5300000000           0.0061417673
   14.5400000000           0.0061435795
   14.5500000000           0.0061339812
   14.5600000000           0.0061129840
   14.5700000000           0.0060807985
   14.5800000000           0.0060378465
   14.5900000000           0.0059847622
   14.6000000000           0.0059223806
   14.6100000000           0.0058517131
   14.6200000000           0.0057739123
   14.6300000000           0.0056902289
   14.6400000000           0.0056019637
   14.6500000000           0.0055104191
   14.6600000000           0.0054168543
   14.6700000000           0.0053224445
   14.6800000000           0.0052282492
   14.6900000000           0.0051351879
   14.7000000000           0.0050440242
   14.7100000000           0.0049553580
   14.7200000000           0.0048696246
   14.7300000000           0.0047870985
   14.7400000000           0.0047079030
   14.7500000000           0.0046320225
   14.7600000000           0.0045593184
   14.7700000000           0.0044895474
   14.7800000000           0.0044223820
   14.7900000000           0.0043574337
   14.8000000000           0.0042942767
   14.8100000000           0.0042324739
   14.8200000000           0.0041716018
   14.8300000000           0.0041112735
   14.8400000000           0.0040511593
   14.8500000000           0.0039910019
   14.8600000000           0.0039306251
   14.8700000000           0.0038699367
   14.8800000000           0.0038089240
   14.8900000000           0.0037476441
   14.9000000000           0.0036862108
   14.9100000000           0.0036247777
   14.9200000000           0.0035635230
   14.9300000000           0.0035026342
   14.9400000000           0.0034422964
   14.9500000000           0.0033826829
   14.9600000000           0.0033239502
   14.9700000000           0.0032662348
   14.9800000000           0.0032096532
   14.9900000000           0.0031543031
   15.0000000000           0.0031002652
   15.0100000000           0.0030476059
   15.0200000000           0.0029963789
   15.0300000000           0.0029466268
   15.0400000000           0.0028983821
   15.0500000000           0.0028516678
   15.0600000000           0.0028064974
   15.0700000000           0.0027628756
   15.0800000000           0.0027207981
   15.0900000000           0.0026802524
   15.1000000000           0.0026412184
   15.1100000000           0.0026036691
   15.1200000000           0.0025675718
   15.1300000000           0.0025328890
   15.1400000000           0.0024995796
   15.1500000000           0.0024675991
   15.1600000000           0.0024369011
   15.1700000000           0.0024074372
   15.1800000000           0.0023791579
   15.1900000000           0.0023520127
   15.2000000000           0.0023259504
   15.2100000000           0.0023009201
   15.2200000000           0.0022768708
   15.2300000000           0.0022537526
   15.2400000000           0.0022315172
   15.2500000000           0.0022101179
   15.2600000000           0.0021895111
   15.2700000000           0.0021696558
   15.2800000000           0.0021505144
   15.2900000000           0.0021320528
   15.3000000000           0.0021142400
   15.3100000000           0.0020970483
   15.3200000000           0.0020804527
   15.3300000000           0.0020644304
   15.3400000000           0.0020489608
   15.3500000000           0.0020340247
   15.3600000000           0.0020196039
   15.3700000000           0.0020056812
   15.3800000000           0.0019922396
   15.3900000000           0.0019792627
   15.4000000000           0.0019667334
   15.4100000000           0.0019546346
   15.4200000000           0.0019429483
   15.4300000000           0.0019316556
   15.4400000000           0.0019207365
   15.4500000000           0.0019101698
   15.4600000000           0.0018999333
   15.4700000000           0.0018900042
   15.4800000000           0.0018803590
   15.4900000000           0.0018709744
   15.5000000000           0.0018618276
   15.5100000000           0.0018528975
   15.5200000000           0.0018441643
   15.5300000000           0.0018356109
   15.5400000000           0.0018272227
   15.5500000000           0.0018189877
   15.5600000000           0.0018108968
   15.5700000000           0.0018029433
   15.5800000000           0.0017951229
   15.5900000000           0.0017874332
   15.6000000000           0.0017798734
   15.6100000000           0.0017724443
   15.6200000000           0.0017651479
   15.6300000000           0.0017579872
   15.6400000000           0.0017509666
   15.6500000000           0.0017440914
   15.6600000000           0.0017373677
   15.6700000000           0.0017308025
   15.6800000000           0.0017244035
   15.6900000000           0.0017181783
   15.7000000000           0.0017121345
   15.7100000000           0.0017062793
   15.7200000000           0.0017006185
   15.7300000000           0.0016951567
   15.7400000000           0.0016898966
   15.7500000000           0.0016848388
   15.7600000000           0.0016799817
   15.7700000000           0.0016753214
   15.7800000000           0.0016708513
   15.7900000000           0.0016665630
   15.8000000000           0.0016624457
   15.8100000000           0.0016584870
   15.8200000000           0.0016546731
   15.8300000000           0.0016509890
   15.8400000000           0.0016474195
   15.8500000000           0.0016439489
   15.8600000000           0.0016405620
   15.8700000000           0.0016372445
   15.8800000000           0.0016339828
   15.8900000000           0.0016307647
   15.9000000000           0.0016275792
   15.9100000000           0.0016244168
   15.9200000000           0.0016212694
   15.9300000000           0.0016181300
   15.9400000000           0.0016149933
   15.9500000000           0.0016118551
   15.9600000000           0.0016087131
   15.9700000000           0.0016055667
   15.9800000000           0.0016024176
   15.9900000000           0.0015992702
   16.0000000000           0.0015961315
   16.0100000000           0.0015930119
   16.0200000000           0.0015899248
   16.0300000000           0.0015868866
   16.0400000000           0.0015839163
   16.0500000000           0.0015810350
   16.0600000000           0.0015782652
   16.0700000000           0.0015756305
   16.0800000000           0.0015731541
   16.0900000000           0.0015708591
   16.1000000000           0.0015687672
   16.1100000000           0.0015668989
   16.1200000000           0.0015652727
   16.1300000000           0.0015639055
   16.1400000000           0.0015628117
   16.1500000000           0.0015620038
   16.1600000000           0.0015614918
   16.1700000000           0.0015612834
   16.1800000000           0.0015613840
   16.1900000000           0.0015617961
   16.2000000000           0.0015625199
   16.2100000000           0.0015635526
   16.2200000000           0.0015648889
   16.2300000000           0.0015665206
   16.2400000000           0.0015684370
   16.2500000000           0.0015706252
   16.2600000000           0.0015730702
   16.2700000000           0.0015757554
   16.2800000000           0.0015786634
   16.2900000000           0.0015817764
   16.3000000000           0.0015850769
   16.3100000000           0.0015885482
   16.3200000000           0.0015921749
   16.3300000000           0.0015959432
   16.3400000000           0.0015998403
   16.3500000000           0.0016038548
   16.3600000000           0.0016079754
   16.3700000000           0.0016121902
   16.3800000000           0.0016164860
   16.3900000000           0.0016208476
   16.4000000000           0.0016252569
   16.4100000000           0.0016296932
   16.4200000000           0.0016341333
   16.4300000000           0.0016385523
   16.4400000000           0.0016429252
   16.4500000000           0.0016472284
   16.4600000000           0.0016514415
   16.4700000000           0.0016555493
   16.4800000000           0.0016595437
   16.4900000000           0.0016634243
   16.5000000000           0.0016671989
   16.5100000000           0.0016708831
   16.5200000000           0.0016744985
   16.5300000000           0.0016780704
   16.5400000000           0.0016816241
   16.5500000000           0.0016851819
   16.5600000000           0.0016887586
   16.5700000000           0.0016923584
   16.5800000000           0.0016959718
   16.5900000000           0.0016995737
   16.6000000000           0.0017031220
   16.6100000000           0.0017065586
   16.6200000000           0.0017098104
   16.6300000000           0.0017127926
   16.6400000000           0.0017154127
   16.6500000000           0.0017175760
   16.6600000000           0.0017191914
   16.6700000000           0.0017201780
   16.6800000000           0.0017204716
   16.6900000000           0.0017200302
   16.7000000000           0.0017188386
   16.7100000000           0.0017169110
   16.7200000000           0.0017142918
   16.7300000000           0.0017110542
   16.7400000000           0.0017072967
   16.7500000000           0.0017031381
   16.7600000000           0.0016987118
   16.7700000000           0.0016941592
   16.7800000000           0.0016896238
   16.7900000000           0.0016852452
   16.8000000000           0.0016811552
   16.8100000000           0.0016774734
   16.8200000000           0.0016743052
   16.8300000000           0.0016717401
   16.8400000000           0.0016698507
   16.8500000000           0.0016686926
   16.8600000000           0.0016683045
   16.8700000000           0.0016687086
   16.8800000000           0.0016699107
   16.8900000000           0.0016719008
   16.9000000000           0.0016746525
   16.9100000000           0.0016781237
   16.9200000000           0.0016822554
   16.9300000000           0.0016869723
   16.9400000000           0.0016921825
   16.9500000000           0.0016977783
   16.9600000000           0.0017036380
   16.9700000000           0.0017096285
   16.9800000000           0.0017156098
   16.9900000000           0.0017214403
   17.0000000000           0.0017269832
   17.0100000000           0.0017321144
   17.0200000000           0.0017367292
   17.0300000000           0.0017407492
   17.0400000000           0.0017441274
   17.0500000000           0.0017468512
   17.0600000000           0.0017489426
   17.0700000000           0.0017504567
   17.0800000000           0.0017514767
   17.0900000000           0.0017521074
   17.1000000000           0.0017524679
   17.1100000000           0.0017526825
   17.1200000000           0.0017528726
   17.1300000000           0.0017531487
   17.1400000000           0.0017536031
   17.1500000000           0.0017543046
   17.1600000000           0.0017552938
   17.1700000000           0.0017565800
   17.1800000000           0.0017581399
   17.1900000000           0.0017599177
   17.2000000000           0.0017618261
   17.2100000000           0.0017637500
   17.2200000000           0.0017655501
   17.2300000000           0.0017670685
   17.2400000000           0.0017681356
   17.2500000000           0.0017685770
   17.2600000000           0.0017682214
   17.2700000000           0.0017669079
   17.2800000000           0.0017644933
   17.2900000000           0.0017608582
   17.3000000000           0.0017559120
   17.3100000000           0.0017495963
   17.3200000000           0.0017418869
   17.3300000000           0.0017327942
   17.3400000000           0.0017223623
   17.3500000000           0.0017106662
   17.3600000000           0.0016978080
   17.3700000000           0.0016839122
   17.3800000000           0.0016691199
   17.3900000000           0.0016535827
   17.4000000000           0.0016374562
   17.4100000000           0.0016208945
   17.4200000000           0.0016040448
   17.4300000000           0.0015870429
   17.4400000000           0.0015700102
   17.4500000000           0.0015530516
   17.4600000000           0.0015362544
   17.4700000000           0.0015196882
   17.4800000000           0.0015034056
   17.4900000000           0.0014874436
   17.5000000000           0.0014718252
   17.5100000000           0.0014565615
   17.5200000000           0.0014416539
   17.5300000000           0.0014270967
   17.5400000000           0.0014128794
   17.5500000000           0.0013989888
   17.5600000000           0.0013854108
   17.5700000000           0.0013721323
   17.5800000000           0.0013591420
   17.5900000000           0.0013464308
   17.6000000000           0.0013339919
   17.6100000000           0.0013218207
   17.6200000000           0.0013099140
   17.6300000000           0.0012982696
   17.6400000000           0.0012868855
   17.6500000000           0.0012757597
   17.6600000000           0.0012648899
   17.6700000000           0.0012542733
   17.6800000000           0.0012439069
   17.6900000000           0.0012337871
   17.7000000000           0.0012239106
   17.7100000000           0.0012142742
   17.7200000000           0.0012048750
   17.7300000000           0.0011957107
   17.7400000000           0.0011867793
   17.7500000000           0.0011780796
   17.7600000000           0.0011696105
   17.7700000000           0.0011613711
   17.7800000000           0.0011533604
   17.7900000000           0.0011455773
   17.8000000000           0.0011380200
   17.8100000000           0.0011306864
   17.8200000000           0.0011235736
   17.8300000000           0.0011166782
   17.8400000000           0.0011099962
   17.8500000000           0.0011035231
   17.8600000000           0.0010972540
   17.8700000000           0.0010911838
   17.8800000000           0.0010853070
   17.8900000000           0.0010796181
   17.9000000000           0.0010741113
   17.9100000000           0.0010687809
   17.9200000000           0.0010636209
   17.9300000000           0.0010586254
   17.9400000000           0.0010537882
   17.9500000000           0.0010491032
   17.9600000000           0.0010445640
   17.9700000000           0.0010401643
   17.9800000000           0.0010358977
   17.9900000000           0.0010317578
   18.0000000000           0.0010277382
   18.0100000000           0.0010238328
   18.0200000000           0.0010200354
   18.0300000000           0.0010163401
   18.0400000000           0.0010127413
   18.0500000000           0.0010092338
   18.0600000000           0.0010058124
   18.0700000000           0.0010024725
   18.0800000000           0.0009992100
   18.0900000000           0.0009960211
   18.1000000000           0.0009929026
   18.1100000000           0.0009898516
   18.1200000000           0.0009868658
   18.1300000000           0.0009839432
   18.1400000000           0.0009810824
   18.1500000000           0.0009782820
   18.1600000000           0.0009755410
   18.1700000000           0.0009728584
   18.1800000000           0.0009702332
   18.1900000000           0.0009676644
   18.2000000000           0.0009651506
   18.2100000000           0.0009626904
   18.2200000000           0.0009602822
   18.2300000000           0.0009579239
   18.2400000000           0.0009556134
   18.2500000000           0.0009533484
   18.2600000000           0.0009511264
   18.2700000000           0.0009489452
   18.2800000000           0.0009468024
   18.2900000000           0.0009446957
   18.3000000000           0.0009426230
   18.3100000000           0.0009405824
   18.3200000000           0.0009385722
   18.3300000000           0.0009365908
   18.3400000000           0.0009346369
   18.3500000000           0.0009327091
   18.3600000000           0.0009308064
   18.3700000000           0.0009289279
   18.3800000000           0.0009270730
   18.3900000000           0.0009252411
   18.4000000000           0.0009234322
   18.4100000000           0.0009216463
   18.4200000000           0.0009198840
   18.4300000000           0.0009181464
   18.4400000000           0.0009164351
   18.4500000000           0.0009147521
   18.4600000000           0.0009130999
   18.4700000000           0.0009114818
   18.4800000000           0.0009099012
   18.4900000000           0.0009083621
   18.5000000000           0.0009068687
   18.5100000000           0.0009054252
   18.5200000000           0.0009040360
   18.5300000000           0.0009027052
   18.5400000000           0.0009014369
   18.5500000000           0.0009002344
   18.5600000000           0.0008991008
   18.5700000000           0.0008980384
   18.5800000000           0.0008970486
   18.5900000000           0.0008961321
   18.6000000000           0.0008952886
   18.6100000000           0.0008945164
   18.6200000000           0.0008938131
   18.6300000000           0.0008931747
   18.6400000000           0.0008925960
   18.6500000000           0.0008920705
   18.6600000000           0.0008915902
   18.6700000000           0.0008911457
   18.6800000000           0.0008907259
   18.6900000000           0.0008903183
   18.7000000000           0.0008899091
   18.7100000000           0.0008894829
   18.7200000000           0.0008890230
   18.7300000000           0.0008885117
   18.7400000000           0.0008879302
   18.7500000000           0.0008872595
   18.7600000000           0.0008864803
   18.7700000000           0.0008855735
   18.7800000000           0.0008845213
   18.7900000000           0.0008833074
   18.8000000000           0.0008819180
   18.8100000000           0.0008803426
   18.8200000000           0.0008785744
   18.8300000000           0.0008766113
   18.8400000000           0.0008744559
   18.8500000000           0.0008721157
   18.8600000000           0.0008696031
   18.8700000000           0.0008669342
   18.8800000000           0.0008641289
   18.8900000000           0.0008612093
   18.9000000000           0.0008581988
   18.9100000000           0.0008551212
   18.9200000000           0.0008519997
   18.9300000000           0.0008488559
   18.9400000000           0.0008457098
   18.9500000000           0.0008425786
   18.9600000000           0.0008394772
   18.9700000000           0.0008364179
   18.9800000000           0.0008334102
   18.9900000000           0.0008304617
   19.0000000000           0.0008275776
   19.0100000000           0.0008247613
   19.0200000000           0.0008220147
   19.0300000000           0.0008193385
   19.0400000000           0.0008167322
   19.0500000000           0.0008141947
   19.0600000000           0.0008117242
   19.0700000000           0.0008093186
   19.0800000000           0.0008069753
   19.0900000000           0.0008046918
   19.1000000000           0.0008024654
   19.1100000000           0.0008002931
   19.1200000000           0.0007981724
   19.1300000000           0.0007961002
   19.1400000000           0.0007940738
   19.1500000000           0.0007920903
   19.1600000000           0.0007901470
   19.1700000000           0.0007882411
   19.1800000000           0.0007863698
   19.1900000000           0.0007845304
   19.2000000000           0.0007827204
   19.2100000000           0.0007809375
   19.2200000000           0.0007791792
   19.2300000000           0.0007774438
   19.2400000000           0.0007757295
   19.2500000000           0.0007740349
   19.2600000000           0.0007723587
   19.2700000000           0.0007707001
   19.2800000000           0.0007690584
   19.2900000000           0.0007674332
   19.3000000000           0.0007658241
   19.3100000000           0.0007642309
   19.3200000000           0.0007626536
   19.3300000000           0.0007610920
   19.3400000000           0.0007595458
   19.3500000000           0.0007580151
   19.3600000000           0.0007564996
   19.3700000000           0.0007549991
   19.3800000000           0.0007535133
   19.3900000000           0.0007520420
   19.4000000000           0.0007505850
   19.4100000000           0.0007491419
   19.4200000000           0.0007477128
   19.4300000000           0.0007462974
   19.4400000000           0.0007448956
   19.4500000000           0.0007435076
   19.4600000000           0.0007421334
   19.4700000000           0.0007407729
   19.4800000000           0.0007394264
   19.4900000000           0.0007380937
   19.5000000000           0.0007367748
   19.5100000000           0.0007354697
   19.5200000000           0.0007341779
   19.5300000000           0.0007328992
   19.5400000000           0.0007316329
   19.5500000000           0.0007303785
   19.5600000000           0.0007291352
   19.5700000000           0.0007279022
   19.5800000000           0.0007266787
   19.5900000000           0.0007254637
   19.6000000000           0.0007242564
   19.6100000000           0.0007230562
   19.6200000000           0.0007218622
   19.6300000000           0.0007206741
   19.6400000000           0.0007194915
   19.6500000000           0.0007183140
   19.6600000000           0.0007171416
   19.6700000000           0.0007159743
   19.6800000000           0.0007148123
   19.6900000000           0.0007136555
   19.7000000000           0.0007125042
   19.7100000000           0.0007113585
   19.7200000000           0.0007102183
   19.7300000000           0.0007090837
   19.7400000000           0.0007079543
   19.7500000000           0.0007068301
   19.7600000000           0.0007057105
   19.7700000000           0.0007045951
   19.7800000000           0.0007034835
   19.7900000000           0.0007023752
   19.8000000000           0.0007012696
   19.8100000000           0.0007001662
   19.8200000000           0.0006990644
   19.8300000000           0.0006979638
   19.8400000000           0.0006968638
   19.8500000000           0.0006957640
   19.8600000000           0.0006946638
   19.8700000000           0.0006935627
   19.8800000000           0.0006924605
   19.8900000000           0.0006913567
   19.9000000000           0.0006902509
   19.9100000000           0.0006891431
   19.9200000000           0.0006880329
   19.9300000000           0.0006869203
   19.9400000000           0.0006858052
   19.9500000000           0.0006846877
   19.9600000000           0.0006835679
   19.9700000000           0.0006824458
   19.9800000000           0.0006813217
   19.9900000000           0.0006801956
   20.0000000000           0.0006790680
