# Energy loss (eV)	Intensity (arb. units)	Error bar
   -7.0837275000           0.0011304340         0.0002745219
   -7.0133775000           0.0000293562         0.0000442389
   -6.9430275000           0.0000000000         0.0000000000
   -6.8726775000           0.0000000000         0.0000000000
   -6.8023275000           0.0000000000         0.0000000000
   -6.7319775000           0.0000000000         0.0000000000
   -6.6616275000           0.0000000000         0.0000000000
   -6.5912775000           0.0000000000         0.0000000000
   -6.5209275000           0.0000000000         0.0000000000
   -6.4505775000           0.0000000000         0.0000000000
   -6.3802275000           0.0000000000         0.0000000000
   -6.3098775000           0.0000000000         0.0000000000
   -6.2395275000           0.0000000000         0.0000000000
   -6.1691775000           0.0000000000         0.0000000000
   -6.0988275000           0.0000056442         0.0000193980
   -6.0284775000           0.0000507724         0.0000581792
   -5.9581275000           0.0000102500         0.0000261407
   -5.8877775000           0.0000068105         0.0000213081
   -5.8174275000           0.0000598562         0.0000631697
   -5.7470775000           0.0000000000         0.0000000000
   -5.6767275000           0.0000003624         0.0000049154
   -5.6063775000           0.0000719485         0.0000692572
   -5.5360275000           0.0000575829         0.0000619585
   -5.4656775000           0.0001436500         0.0000978604
   -5.3953275000           0.0001169968         0.0000883164
   -5.3249775000           0.0000829366         0.0000743580
   -5.2546275000           0.0000793806         0.0000727464
   -5.1842775000           0.0001854394         0.0001111873
   -5.1139275000           0.0002101994         0.0001183778
   -5.0435775000           0.0003889593         0.0001610299
   -4.9732275000           0.0002117032         0.0001188005
   -4.9028775000           0.0002737364         0.0001350892
   -4.8325275000           0.0003211863         0.0001463298
   -4.7621775000           0.0002778742         0.0001361064
   -4.6918275000           0.0003915487         0.0001615650
   -4.6214775000           0.0001907558         0.0001127699
   -4.5511275000           0.0002343374         0.0001249900
   -4.4807775000           0.0004915928         0.0001810327
   -4.4104275000           0.0006711209         0.0002115216
   -4.3400775000           0.0007232608         0.0002195846
   -4.2697275000           0.0005415664         0.0001900117
   -4.1993775000           0.0008622247         0.0002397533
   -4.1290275000           0.0006908355         0.0002146059
   -4.0586775000           0.0010038556         0.0002586962
   -3.9883275000           0.0005247383         0.0001870362
   -3.9179775000           0.0007491238         0.0002234761
   -3.8476275000           0.0005955779         0.0001992616
   -3.7772775000           0.0008878877         0.0002432951
   -3.7069275000           0.0007655791         0.0002259173
   -3.6365775000           0.0006715185         0.0002115843
   -3.5662275000           0.0009882571         0.0002566784
   -3.4958775000           0.0005555500         0.0001924491
   -3.4255275000           0.0006094813         0.0002015740
   -3.3551775000           0.0010003917         0.0002582495
   -3.2848275000           0.0007037927         0.0002166091
   -3.2144775000           0.0006225480         0.0002037233
   -3.1441275000           0.0007401050         0.0002221268
   -3.0737775000           0.0008629162         0.0002398494
   -3.0034275000           0.0010024485         0.0002585148
   -2.9330775000           0.0011001744         0.0002708228
   -2.8627275000           0.0011183594         0.0002730518
   -2.7923775000           0.0012981626         0.0002941839
   -2.7220275000           0.0011209929         0.0002733731
   -2.6516775000           0.0009366896         0.0002498919
   -2.5813275000           0.0005969807         0.0001994961
   -2.5109775000           0.0005012180         0.0001827964
   -2.4406275000           0.0009372491         0.0002499665
   -2.3702775000           0.0004577934         0.0001746985
   -2.2999275000           0.0009278201         0.0002487060
   -2.2295775000           0.0007173814         0.0002186903
   -2.1592275000           0.0005848225         0.0001974542
   -2.0888775000           0.0005812615         0.0001968521
   -2.0185275000           0.0005885689         0.0001980856
   -1.9481775000           0.0007557933         0.0002244687
   -1.8778275000           0.0012180219         0.0002849587
   -1.8074775000           0.0011355828         0.0002751464
   -1.7371275000           0.0010308490         0.0002621512
   -1.6667775000           0.0010322422         0.0002623283
   -1.5964275000           0.0008873298         0.0002432187
   -1.5260775000           0.0009502862         0.0002516991
   -1.4557275000           0.0012034182         0.0002832453
   -1.3853775000           0.0008498686         0.0002380292
   -1.3150275000           0.0008402315         0.0002366758
   -1.2446775000           0.0010425190         0.0002636309
   -1.1743275000           0.0010717339         0.0002672993
   -1.1039775000           0.0012901028         0.0002932692
   -1.0336275000           0.0011063799         0.0002715855
   -0.9632775000           0.0014182571         0.0003074906
   -0.8929275000           0.0010984914         0.0002706155
   -0.8225775000           0.0010762653         0.0002678638
   -0.7522275000           0.0018137778         0.0003477334
   -0.6818775000           0.0014950969         0.0003157105
   -0.6115275000           0.0017333249         0.0003399338
   -0.5411775000           0.0018389984         0.0003501427
   -0.4708275000           0.0019508531         0.0003606340
   -0.4004775000           0.0010280066         0.0002617896
   -0.3301275000           0.0018954697         0.0003554781
   -0.2597775000           0.0020859656         0.0003729134
   -0.1894275000           0.0016234519         0.0003289835
   -0.1190775000           0.0023102514         0.0003924497
   -0.0487275000           0.0116584765         0.0008816075
    0.0216225000           0.0514588636         0.0018521854
    0.0919725000           0.0157615637         0.0010250712
    0.1623225000           0.0082483908         0.0007415475
    0.2326725000           0.0046108067         0.0005544250
    0.3030225000           0.0033048884         0.0004693889
    0.3733725000           0.0031376967         0.0004573618
    0.4437225000           0.0029809170         0.0004457890
    0.5140725000           0.0038036751         0.0005035656
    0.5844225000           0.0050334010         0.0005792755
    0.6547725000           0.0049364970         0.0005736722
    0.7251225000           0.0074689546         0.0007056418
    0.7954725000           0.0098701351         0.0008111775
    0.8658225000           0.0113993168         0.0008717537
    0.9361725000           0.0127970439         0.0009236538
    1.0065225000           0.0154783777         0.0010158208
    1.0768725000           0.0216823478         0.0012022853
    1.1472225000           0.0242500875         0.0012714844
    1.2175725000           0.0254142180         0.0013016456
    1.2879225000           0.0258914042         0.0013138088
    1.3582725000           0.0279287566         0.0013645208
    1.4286225000           0.0309856692         0.0014372583
    1.4989725000           0.0334200653         0.0014926501
    1.5693225000           0.0346734424         0.0015203825
    1.6396725000           0.0338237419         0.0015016378
    1.7100225000           0.0372466840         0.0015757894
    1.7803725000           0.0399829635         0.0016326454
    1.8507225000           0.0398060061         0.0016290285
    1.9210725000           0.0391966695         0.0016165121
    1.9914225000           0.0411544065         0.0016563898
    2.0617725000           0.0413661414         0.0016606453
    2.1321225000           0.0409752068         0.0016527796
    2.2024725000           0.0408814644         0.0016508879
    2.2728225000           0.0358144080         0.0015451949
    2.3431725000           0.0352671969         0.0015333449
    2.4135225000           0.0340729848         0.0015071604
    2.4838725000           0.0335362646         0.0014952428
    2.5542225000           0.0316122478         0.0014517173
    2.6245725000           0.0294001807         0.0014000043
    2.6949225000           0.0335665685         0.0014959182
    2.7652725000           0.0320712055         0.0014622176
    2.8356225000           0.0317137766         0.0014540467
    2.9059725000           0.0315880178         0.0014511609
    2.9763225000           0.0379243476         0.0015900597
    3.0466725000           0.0346851281         0.0015206386
    3.1170225000           0.0355156071         0.0015387356
    3.1873725000           0.0345922244         0.0015186008
    3.2577225000           0.0356076301         0.0015407278
    3.3280725000           0.0328436342         0.0014797215
    3.3984225000           0.0354087210         0.0015364184
    3.4687725000           0.0354287686         0.0015368532
    3.5391225000           0.0376638598         0.0015845895
    3.6094725000           0.0387697157         0.0016076840
    3.6798225000           0.0391909450         0.0016163940
    3.7501725000           0.0444015308         0.0017204947
    3.8205225000           0.0436752294         0.0017063651
    3.8908725000           0.0490334986         0.0018080099
    3.9612225000           0.0531123752         0.0018817080
    4.0315725000           0.0609499449         0.0020157702
    4.1019225000           0.0608474603         0.0020140748
    4.1722725000           0.0718163360         0.0021880941
    4.2426225000           0.0788999343         0.0022934680
    4.3129725000           0.0915868988         0.0024709903
    4.3833225000           0.1042986843         0.0026369008
    4.4536725000           0.1128909697         0.0027433674
    4.5240225000           0.1241136151         0.0028764980
    4.5943725000           0.1413591024         0.0030698437
    4.6647225000           0.1504781130         0.0031673134
    4.7350725000           0.1613112564         0.0032793420
    4.8054225000           0.1702664885         0.0033691392
    4.8757725000           0.1779873729         0.0034446807
    4.9461225000           0.1847437962         0.0035094520
    5.0164725000           0.1795383864         0.0034596569
    5.0868225000           0.1710398755         0.0033767823
    5.1571725000           0.1682437861         0.0033490674
    5.2275225000           0.1686392229         0.0033530009
    5.2978725000           0.1603169771         0.0032692199
    5.3682225000           0.1603363906         0.0032694178
    5.4385725000           0.1581117070         0.0032466568
    5.5089225000           0.1603198016         0.0032692487
    5.5792725000           0.1603113039         0.0032691620
    5.6496225000           0.1666609357         0.0033332760
    5.7199725000           0.1569821576         0.0032350390
    5.7903225000           0.1636587176         0.0033031169
    5.8606725000           0.1604158108         0.0032702274
    5.9310225000           0.1616215038         0.0032824940
    6.0013725000           0.1642274128         0.0033088509
    6.0717225000           0.1670041968         0.0033367069
    6.1420725000           0.1671734481         0.0033383973
    6.2124225000           0.1582540790         0.0032481182
    6.2827725000           0.1618924614         0.0032852444
    6.3531225000           0.1553918235         0.0032186107
    6.4234725000           0.1588524638         0.0032542533
    6.4938225000           0.1577775103         0.0032432238
    6.5641725000           0.1573878614         0.0032392166
    6.6345225000           0.1533717405         0.0031976214
    6.7048725000           0.1565807321         0.0032309001
    6.7752225000           0.1488355331         0.0031499792
    6.8455725000           0.1476877731         0.0031378100
    6.9159225000           0.1418472884         0.0030751400
    6.9862725000           0.1428406054         0.0030858884
    7.0566225000           0.1344651557         0.0029940514
    7.1269725000           0.1181304344         0.0028063076
    7.1973225000           0.1231183458         0.0028649415
    7.2676725000           0.1180870986         0.0028057928
    7.3380225000           0.1111770830         0.0027224631
    7.4083725000           0.1067472530         0.0026676738
    7.4787225000           0.1032862224         0.0026240709
    7.5490725000           0.1052480259         0.0026488743
    7.6194225000           0.0959369238         0.0025289909
    7.6897725000           0.0934482392         0.0024959733
    7.7601225000           0.0921584609         0.0024786886
    7.8304725000           0.0921934900         0.0024791597
    7.9008225000           0.0872119907         0.0024112513
    7.9711725000           0.0770094177         0.0022658246
    8.0415225000           0.0731436475         0.0022082217
    8.1118725000           0.0688818349         0.0021429238
    8.1822225000           0.0649932880         0.0020815585
    8.2525725000           0.0630014629         0.0020494139
    8.3229225000           0.0593533186         0.0019891928
    8.3932725000           0.0537128250         0.0018923147
    8.4636225000           0.0517794663         0.0018579463
    8.5339725000           0.0487970939         0.0018036462
    8.6043225000           0.0448828138         0.0017297941
    8.6746725000           0.0416779745         0.0016668928
    8.7450225000           0.0374211263         0.0015794752
    8.8153725000           0.0376207658         0.0015836828
    8.8857225000           0.0332169017         0.0014881062
    8.9560725000           0.0282777233         0.0013730191
    9.0264225000           0.0307748537         0.0014323606
    9.0967725000           0.0278876481         0.0013635162
    9.1671225000           0.0245026884         0.0012780894
    9.2374725000           0.0212835634         0.0011911777
    9.3078225000           0.0225602493         0.0012263836
    9.3781725000           0.0195405786         0.0011413611
    9.4485225000           0.0197590380         0.0011477235
    9.5188725000           0.0167713195         0.0010573968
    9.5892225000           0.0161439740         0.0010374319
    9.6595725000           0.0161284463         0.0010369329
    9.7299225000           0.0149457239         0.0009981892
    9.8002725000           0.0143830487         0.0009792190
    9.8706225000           0.0126138664         0.0009170193
    9.9409725000           0.0117574727         0.0008853426
   10.0113225000           0.0120360893         0.0008957711
   10.0816725000           0.0118986960         0.0008906438
   10.1520225000           0.0104759460         0.0008357011
   10.2223725000           0.0106007729         0.0008406653
   10.2927225000           0.0104677798         0.0008353754
   10.3630725000           0.0096382569         0.0008015925
   10.4334225000           0.0093351398         0.0007888870
   10.5037725000           0.0110439653         0.0008580585
   10.5741225000           0.0081790163         0.0007384225
   10.6444725000           0.0083878615         0.0007477906
   10.7148225000           0.0084412127         0.0007501650
   10.7851725000           0.0088269104         0.0007671119
   10.8555225000           0.0084071103         0.0007486481
   10.9258725000           0.0074442572         0.0007044741
   10.9962225000           0.0075560304         0.0007097432
   11.0665725000           0.0067705980         0.0006718431
   11.1369225000           0.0081970971         0.0007392382
   11.2072725000           0.0072191125         0.0006937393
   11.2776225000           0.0066351002         0.0006650865
   11.3479725000           0.0070040469         0.0006833275
   11.4183225000           0.0067758955         0.0006721059
   11.4886725000           0.0061271412         0.0006391213
   11.5590225000           0.0054055295         0.0006003071
   11.6293725000           0.0050741089         0.0005816132
   11.6997225000           0.0061276792         0.0006391494
   11.7700725000           0.0056347409         0.0006129024
   11.8404225000           0.0050896333         0.0005825023
   11.9107725000           0.0048227497         0.0005670244
   11.9811225000           0.0046230122         0.0005551584
   12.0514725000           0.0047790161         0.0005644476
   12.1218225000           0.0047307956         0.0005615927
   12.1921725000           0.0043389088         0.0005378295
   12.2625225000           0.0042239354         0.0005306559
   12.3328725000           0.0045638098         0.0005515922
   12.4032225000           0.0043596422         0.0005391130
   12.4735725000           0.0049915361         0.0005768614
   12.5439225000           0.0036584803         0.0004938610
   12.6142725000           0.0030966111         0.0004543575
   12.6846225000           0.0037144426         0.0004976239
   12.7549725000           0.0040358420         0.0005187062
   12.8253225000           0.0043691734         0.0005397020
   12.8956725000           0.0046749842         0.0005582702
   12.9660225000           0.0041202755         0.0005241040
   13.0363725000           0.0039473763         0.0005129897
   13.1067225000           0.0035995052         0.0004898643
   13.1770725000           0.0039126945         0.0005107311
   13.2474225000           0.0039440687         0.0005127747
   13.3177725000           0.0039393654         0.0005124689
   13.3881225000           0.0025550787         0.0004127209
   13.4584725000           0.0034173375         0.0004773076
   13.5288225000           0.0030009535         0.0004472847
   13.5991725000           0.0024217514         0.0004018085
   13.6695225000           0.0023042660         0.0003919410
   13.7398725000           0.0036987031         0.0004965684
   13.8102225000           0.0035962998         0.0004896461
   13.8805725000           0.0027381390         0.0004272500
   13.9509225000           0.0029865887         0.0004462129
   14.0212725000           0.0024896761         0.0004074045
   14.0916225000           0.0021562188         0.0003791410
   14.1619725000           0.0019209249         0.0003578570
   14.2323225000           0.0022430808         0.0003867024
   14.3026725000           0.0025028333         0.0004084796
   14.3730225000           0.0028076200         0.0004326369
   14.4433725000           0.0023986303         0.0003998858
   14.5137225000           0.0022807236         0.0003899336
   14.5840725000           0.0028806067         0.0004382242
   14.6544225000           0.0023929677         0.0003994135
   14.7247725000           0.0028442624         0.0004354509
   14.7951225000           0.0023472084         0.0003955762
   14.8654725000           0.0027968502         0.0004318063
   14.9358225000           0.0018776301         0.0003538013
   15.0061725000           0.0020547942         0.0003701166
   15.0765225000           0.0026669518         0.0004216596
   15.1468725000           0.0024931110         0.0004076854
   15.2172225000           0.0017402512         0.0003406123
   15.2875725000           0.0018945189         0.0003553889
   15.3579225000           0.0012515152         0.0002888500
   15.4282725000           0.0012030806         0.0002832055
   15.4986225000           0.0007333333         0.0002211083
