# Energy loss (eV)	Intensity (arb. units)	Error bar
   -8.0860125000           0.0004666667         0.0001763834
   -8.0156625000           0.0000027877         0.0000136326
   -7.9453125000           0.0000000000         0.0000000000
   -7.8749625000           0.0000000000         0.0000000000
   -7.8046125000           0.0000000000         0.0000000000
   -7.7342625000           0.0000000000         0.0000000000
   -7.6639125000           0.0000000000         0.0000000000
   -7.5935625000           0.0000000000         0.0000000000
   -7.5232125000           0.0000000000         0.0000000000
   -7.4528625000           0.0000026363         0.0000132573
   -7.3825125000           0.0000640303         0.0000653352
   -7.3121625000           0.0000002499         0.0000040815
   -7.2418125000           0.0000110917         0.0000271928
   -7.1714625000           0.0001221167         0.0000902281
   -7.1011125000           0.0000055459         0.0000192282
   -7.0307625000           0.0000609959         0.0000637683
   -6.9604125000           0.0000000000         0.0000000000
   -6.8900625000           0.0000000000         0.0000000000
   -6.8197125000           0.0000000000         0.0000000000
   -6.7493625000           0.0000693030         0.0000679721
   -6.6790125000           0.0000664756         0.0000665711
   -6.6086625000           0.0001232736         0.0000906545
   -6.5383125000           0.0000078644         0.0000228974
   -6.4679625000           0.0000137280         0.0000302523
   -6.3976125000           0.0001912360         0.0001129118
   -6.3272625000           0.0001268164         0.0000919480
   -6.2569125000           0.0000120554         0.0000283495
   -6.1865625000           0.0001898500         0.0001125018
   -6.1162125000           0.0001344623         0.0000946792
   -6.0458625000           0.0000605443         0.0000635318
   -5.9755125000           0.0003499688         0.0001527457
   -5.9051625000           0.0002064831         0.0001173266
   -5.8348125000           0.0005138705         0.0001850893
   -5.7644625000           0.0002725579         0.0001347981
   -5.6941125000           0.0004075585         0.0001648350
   -5.6237625000           0.0005341326         0.0001887030
   -5.5534125000           0.0002677099         0.0001335939
   -5.4830625000           0.0004180298         0.0001669391
   -5.4127125000           0.0006101865         0.0002016906
   -5.3423625000           0.0009701084         0.0002543106
   -5.2720125000           0.0008496009         0.0002379917
   -5.2016625000           0.0005064626         0.0001837503
   -5.1313125000           0.0009546134         0.0002522715
   -5.0609625000           0.0004937107         0.0001814223
   -4.9906125000           0.0011994866         0.0002827822
   -4.9202625000           0.0008714128         0.0002410274
   -4.8499125000           0.0006605257         0.0002098453
   -4.7795625000           0.0008600035         0.0002394443
   -4.7092125000           0.0006734334         0.0002118857
   -4.6388625000           0.0009909392         0.0002570265
   -4.5685125000           0.0008703145         0.0002408754
   -4.4981625000           0.0005335829         0.0001886059
   -4.4278125000           0.0007369947         0.0002216596
   -4.3574625000           0.0011481045         0.0002766592
   -4.2871125000           0.0010561426         0.0002653479
   -4.2167625000           0.0009882980         0.0002566837
   -4.1464125000           0.0008271248         0.0002348226
   -4.0760625000           0.0009077722         0.0002460044
   -4.0057125000           0.0008056914         0.0002317601
   -3.9353625000           0.0008071473         0.0002319694
   -3.8650125000           0.0005972653         0.0001995437
   -3.7946625000           0.0005932414         0.0001988704
   -3.7243125000           0.0008311146         0.0002353883
   -3.6539625000           0.0012456268         0.0002881697
   -3.5836125000           0.0013240950         0.0002971077
   -3.5132625000           0.0010695648         0.0002670287
   -3.4429125000           0.0006790466         0.0002127669
   -3.3725625000           0.0006618987         0.0002100633
   -3.3022125000           0.0009225523         0.0002479990
   -3.2318625000           0.0006818500         0.0002132057
   -3.1615125000           0.0010132233         0.0002599004
   -3.0911625000           0.0013983328         0.0003053231
   -3.0208125000           0.0019696330         0.0003623657
   -2.9504625000           0.0018023471         0.0003466359
   -2.8801125000           0.0009537519         0.0002521576
   -2.8097625000           0.0011751281         0.0002798962
   -2.7394125000           0.0008998543         0.0002449291
   -2.6690625000           0.0013052919         0.0002949906
   -2.5987125000           0.0011341415         0.0002749717
   -2.5283625000           0.0009012055         0.0002451130
   -2.4580125000           0.0013768909         0.0003029731
   -2.3876625000           0.0011425759         0.0002759923
   -2.3173125000           0.0016014113         0.0003267426
   -2.2469625000           0.0016043395         0.0003270412
   -2.1766125000           0.0019620917         0.0003616713
   -2.1062625000           0.0012103720         0.0002840624
   -2.0359125000           0.0009521455         0.0002519452
   -1.9655625000           0.0015137618         0.0003176751
   -1.8952125000           0.0010195269         0.0002607076
   -1.8248625000           0.0014713592         0.0003131942
   -1.7545125000           0.0014195097         0.0003076264
   -1.6841625000           0.0016007966         0.0003266799
   -1.6138125000           0.0017038351         0.0003370297
   -1.5434625000           0.0016023412         0.0003268375
   -1.4731125000           0.0016962422         0.0003362779
   -1.4027625000           0.0022175058         0.0003844915
   -1.3324125000           0.0018402670         0.0003502634
   -1.2620625000           0.0013279651         0.0002975416
   -1.1917125000           0.0013269639         0.0002974294
   -1.1213625000           0.0016697554         0.0003336421
   -1.0510125000           0.0016517324         0.0003318365
   -0.9806625000           0.0013731615         0.0003025626
   -0.9103125000           0.0026251916         0.0004183453
   -0.8399625000           0.0022616197         0.0003882971
   -0.7696125000           0.0024606854         0.0004050255
   -0.6992625000           0.0017840528         0.0003448722
   -0.6289125000           0.0026494093         0.0004202705
   -0.5585625000           0.0026637228         0.0004214042
   -0.4882125000           0.0019366442         0.0003593183
   -0.4178625000           0.0026977463         0.0004240870
   -0.3475125000           0.0025003837         0.0004082796
   -0.2771625000           0.0025232112         0.0004101391
   -0.2068125000           0.0024216328         0.0004017987
   -0.1364625000           0.0032971855         0.0004688415
   -0.0661125000           0.0064145067         0.0006539371
    0.0042375000           0.0998384892         0.0025799030
    0.0745875000           0.1257612328         0.0028955280
    0.1449375000           0.0576149368         0.0019598459
    0.2152875000           0.0315390233         0.0014500350
    0.2856375000           0.0238989088         0.0012622443
    0.3559875000           0.0157427772         0.0010244601
    0.4263375000           0.0164499894         0.0010472182
    0.4966875000           0.0173442553         0.0010753063
    0.5670375000           0.0239032199         0.0012623581
    0.6373875000           0.0294835204         0.0014019872
    0.7077375000           0.0298782400         0.0014113407
    0.7780875000           0.0361423399         0.0015522530
    0.8484375000           0.0400537015         0.0016340890
    0.9187875000           0.0441860015         0.0017163139
    0.9891375000           0.0466829551         0.0017641420
    1.0594875000           0.0430395399         0.0016939016
    1.1298375000           0.0482060432         0.0017926897
    1.2001875000           0.0474069814         0.0017777698
    1.2705375000           0.0460013655         0.0017512161
    1.3408875000           0.0417586603         0.0016685055
    1.4112375000           0.0402178197         0.0016374334
    1.4815875000           0.0406700539         0.0016466138
    1.5519375000           0.0383677950         0.0015993289
    1.6222875000           0.0442369539         0.0017173032
    1.6926375000           0.0458384899         0.0017481131
    1.7629875000           0.0491244124         0.0018096853
    1.8333375000           0.0505810095         0.0018363190
    1.9036875000           0.0568144212         0.0019461830
    1.9740375000           0.0629141994         0.0020479941
    2.0443875000           0.0622836028         0.0020377046
    2.1147375000           0.0611215094         0.0020186053
    2.1850875000           0.0566801768         0.0019438823
    2.2554375000           0.0505623727         0.0018359806
    2.3257875000           0.0421273080         0.0016758542
    2.3961375000           0.0374165823         0.0015793793
    2.4664875000           0.0342446273         0.0015109517
    2.5368375000           0.0348088018         0.0015233472
    2.6071875000           0.0339992924         0.0015055296
    2.6775375000           0.0309688270         0.0014368676
    2.7478875000           0.0337559810         0.0015001329
    2.8182375000           0.0321085207         0.0014630680
    2.8885875000           0.0359296230         0.0015476783
    2.9589375000           0.0360797564         0.0015509085
    3.0292875000           0.0379693583         0.0015910030
    3.0996375000           0.0417951632         0.0016692346
    3.1699875000           0.0427801605         0.0016887897
    3.2403375000           0.0496928288         0.0018201251
    3.3106875000           0.0565218474         0.0019411654
    3.3810375000           0.0662743252         0.0021019725
    3.4513875000           0.0829726807         0.0023519167
    3.5217375000           0.1154973288         0.0027748553
    3.5920875000           0.1553245497         0.0032179139
    3.6624375000           0.1962325658         0.0036169284
    3.7327875000           0.2186279460         0.0038177476
    3.8031375000           0.2189801358         0.0038208213
    3.8734875000           0.2222403273         0.0038491586
    3.9438375000           0.2105640156         0.0037466787
    4.0141875000           0.2065491384         0.0037107873
    4.0845375000           0.2020869632         0.0036704856
    4.1548875000           0.1934237540         0.0035909493
    4.2252375000           0.1910801136         0.0035691279
    4.2955875000           0.1849206736         0.0035111316
    4.3659375000           0.1827465745         0.0034904305
    4.4362875000           0.1739571135         0.0034054575
    4.5066375000           0.1793590180         0.0034579283
    4.5769875000           0.1697981022         0.0033645020
    4.6473375000           0.1752471248         0.0034180611
    4.7176875000           0.1764402840         0.0034296772
    4.7880375000           0.1831685787         0.0034944583
    4.8583875000           0.1772050578         0.0034371021
    4.9287375000           0.1849507839         0.0035114174
    4.9990875000           0.1798843869         0.0034629889
    5.0694375000           0.1827614325         0.0034905724
    5.1397875000           0.1789894648         0.0034543640
    5.2101375000           0.1832515526         0.0034952497
    5.2804875000           0.1772010796         0.0034370635
    5.3508375000           0.1854605147         0.0035162529
    5.4211875000           0.1821884244         0.0034850961
    5.4915375000           0.1727344768         0.0033934690
    5.5618875000           0.1662173609         0.0033288372
    5.6322375000           0.1615280245         0.0032815446
    5.7025875000           0.1598032419         0.0032639776
    5.7729375000           0.1640628679         0.0033071928
    5.8432875000           0.1579747177         0.0032452500
    5.9136375000           0.1549440967         0.0032139705
    5.9839875000           0.1548094455         0.0032125737
    6.0543375000           0.1506926053         0.0031695700
    6.1246875000           0.1399601033         0.0030546151
    6.1950375000           0.1397514430         0.0030523373
    6.2653875000           0.1328192215         0.0029756705
    6.3357375000           0.1239768321         0.0028749125
    6.4060875000           0.1216305523         0.0028475785
    6.4764375000           0.1214247854         0.0028451688
    6.5467875000           0.1130857368         0.0027457329
    6.6171375000           0.1174653389         0.0027983964
    6.6874875000           0.1145566972         0.0027635327
    6.7578375000           0.1113867488         0.0027250290
    6.8281875000           0.1094303725         0.0027009921
    6.8985375000           0.1040571136         0.0026338453
    6.9688875000           0.0992908829         0.0025728179
    7.0392375000           0.0993611824         0.0025737286
    7.1095875000           0.0972241460         0.0025459006
    7.1799375000           0.0884757613         0.0024286589
    7.2502875000           0.0883448480         0.0024268615
    7.3206375000           0.0868627616         0.0024064187
    7.3909875000           0.0794088952         0.0023008534
    7.4613375000           0.0746707293         0.0022311541
    7.5316875000           0.0726492416         0.0022007460
    7.6020375000           0.0730318991         0.0022065342
    7.6723875000           0.0593983639         0.0019899475
    7.7427375000           0.0584195844         0.0019734840
    7.8130875000           0.0569536901         0.0019485668
    7.8834375000           0.0456564459         0.0017446384
    7.9537875000           0.0457686206         0.0017467803
    8.0241375000           0.0420116452         0.0016735520
    8.0944875000           0.0379032293         0.0015896169
    8.1648375000           0.0361590860         0.0015526126
    8.2351875000           0.0330906990         0.0014852766
    8.3055375000           0.0312219303         0.0014427273
    8.3758875000           0.0274122090         0.0013518434
    8.4462375000           0.0263684941         0.0013258581
    8.5165875000           0.0271367902         0.0013450351
    8.5869375000           0.0215697880         0.0011991605
    8.6572875000           0.0211382442         0.0011871042
    8.7276375000           0.0191195739         0.0011289988
    8.7979875000           0.0185843651         0.0011130848
    8.8683375000           0.0194234810         0.0011379362
    8.9386875000           0.0165719425         0.0010510928
    9.0090375000           0.0163010047         0.0010424652
    9.0793875000           0.0156597081         0.0010217537
    9.1497375000           0.0154344487         0.0010143783
    9.2200875000           0.0131401925         0.0009359556
    9.2904375000           0.0158017523         0.0010263772
    9.3607875000           0.0122678267         0.0009043534
    9.4311375000           0.0141198252         0.0009702173
    9.5014875000           0.0122104467         0.0009022360
    9.5718375000           0.0106181873         0.0008413555
    9.6421875000           0.0111678797         0.0008628588
    9.7125375000           0.0109895041         0.0008559402
    9.7828875000           0.0112582243         0.0008663419
    9.8532375000           0.0118305316         0.0008880890
    9.9235875000           0.0110752376         0.0008592725
    9.9939375000           0.0106653384         0.0008432215
   10.0642875000           0.0103714714         0.0008315236
   10.1346375000           0.0096498058         0.0008020726
   10.2049875000           0.0097528338         0.0008063429
   10.2753375000           0.0080950480         0.0007346223
   10.3456875000           0.0090635835         0.0007773281
   10.4160375000           0.0090354446         0.0007761205
   10.4863875000           0.0089645114         0.0007730680
   10.5567375000           0.0083037275         0.0007440308
   10.6270875000           0.0073368016         0.0006993712
   10.6974375000           0.0081420386         0.0007367514
   10.7677875000           0.0068969641         0.0006780838
   10.8381375000           0.0078805293         0.0007248232
   10.9084875000           0.0078724477         0.0007244514
   10.9788375000           0.0058207979         0.0006229392
   11.0491875000           0.0064844025         0.0006574903
   11.1195375000           0.0073747049         0.0007011754
   11.1898875000           0.0055630775         0.0006089925
   11.2602375000           0.0052934052         0.0005940485
   11.3305875000           0.0059903997         0.0006319494
   11.4009375000           0.0052578665         0.0005920510
   11.4712875000           0.0043728645         0.0005399299
   11.5416375000           0.0061179976         0.0006386443
   11.6119875000           0.0052692974         0.0005926943
   11.6823375000           0.0045721545         0.0005520963
   11.7526875000           0.0047357708         0.0005618879
   11.8230375000           0.0045567020         0.0005511625
   11.8933875000           0.0052835254         0.0005934939
   11.9637375000           0.0049334218         0.0005734935
   12.0340875000           0.0045473564         0.0005505970
   12.1044375000           0.0053486461         0.0005971402
   12.1747875000           0.0051976781         0.0005886526
   12.2451375000           0.0042606134         0.0005329549
   12.3154875000           0.0042950964         0.0005351072
   12.3858375000           0.0038204299         0.0005046735
   12.4561875000           0.0036345479         0.0004922430
   12.5265375000           0.0031227623         0.0004562720
   12.5968875000           0.0039095205         0.0005105239
   12.6672375000           0.0050457552         0.0005799859
   12.7375875000           0.0037741759         0.0005016091
   12.8079375000           0.0039240894         0.0005114743
   12.8782875000           0.0039964087         0.0005161659
   12.9486375000           0.0029815452         0.0004458359
   13.0189875000           0.0032121035         0.0004627529
   13.0893375000           0.0038603789         0.0005073052
   13.1596875000           0.0023341201         0.0003944718
   13.2300375000           0.0032198747         0.0004633123
   13.3003875000           0.0038084828         0.0005038838
   13.3707375000           0.0038282222         0.0005051879
   13.4410875000           0.0026333959         0.0004189985
   13.5114375000           0.0032158387         0.0004630219
   13.5817875000           0.0029656405         0.0004446452
   13.6521375000           0.0035165688         0.0004841879
   13.7224875000           0.0027526190         0.0004283783
   13.7928375000           0.0031570426         0.0004587696
   13.8631875000           0.0033900711         0.0004753996
   13.9335375000           0.0028583111         0.0004365250
   14.0038875000           0.0025846656         0.0004151036
   14.0742375000           0.0026832114         0.0004229430
   14.1445875000           0.0031686284         0.0004596106
   14.2149375000           0.0024213809         0.0004017778
   14.2852875000           0.0027239894         0.0004261447
   14.3556375000           0.0012164260         0.0002847720
   14.4259875000           0.0015381654         0.0003202255
   14.4963375000           0.0009394663         0.0002502620
