# Energy loss (eV)	Intensity (arb. units)	Error bar
   -9.6786425000           0.0010599762         0.0002658290
   -9.6082925000           0.0000208149         0.0000372513
   -9.5379425000           0.0000000000         0.0000000000
   -9.4675925000           0.0000659233         0.0000662939
   -9.3972425000           0.0000007434         0.0000070398
   -9.3268925000           0.0000000000         0.0000000000
   -9.2565425000           0.0000005575         0.0000060967
   -9.1861925000           0.0000661091         0.0000663873
   -9.1158425000           0.0000000000         0.0000000000
   -9.0454925000           0.0000000000         0.0000000000
   -8.9751425000           0.0000000000         0.0000000000
   -8.9047925000           0.0000000000         0.0000000000
   -8.8344425000           0.0000006591         0.0000066286
   -8.7640925000           0.0000660076         0.0000663363
   -8.6937425000           0.0000000000         0.0000000000
   -8.6233925000           0.0000011151         0.0000086220
   -8.5530425000           0.0001322183         0.0000938858
   -8.4826925000           0.0000000000         0.0000000000
   -8.4123425000           0.0000000000         0.0000000000
   -8.3419925000           0.0000000000         0.0000000000
   -8.2716425000           0.0000000000         0.0000000000
   -8.2012925000           0.0000000000         0.0000000000
   -8.1309425000           0.0000000000         0.0000000000
   -8.0605925000           0.0000666667         0.0000666667
   -7.9902425000           0.0000000055         0.0000006062
   -7.9198925000           0.0000012056         0.0000089651
   -7.8495425000           0.0000654556         0.0000660583
   -7.7791925000           0.0000000000         0.0000000000
   -7.7088425000           0.0000000000         0.0000000000
   -7.6384925000           0.0000000000         0.0000000000
   -7.5681425000           0.0000000000         0.0000000000
   -7.4977925000           0.0000659343         0.0000662995
   -7.4274425000           0.0000024955         0.0000128983
   -7.3570925000           0.0000654611         0.0000660611
   -7.2867425000           0.0000661091         0.0000663873
   -7.2163925000           0.0000000000         0.0000000000
   -7.1460425000           0.0000659233         0.0000662939
   -7.0756925000           0.0000007434         0.0000070398
   -7.0053425000           0.0000000000         0.0000000000
   -6.9349925000           0.0000005575         0.0000060967
   -6.8646425000           0.0000661404         0.0000664030
   -6.7942925000           0.0000037615         0.0000158357
   -6.7239425000           0.0000640960         0.0000653687
   -6.6535925000           0.0000678668         0.0000672640
   -6.5832425000           0.0001309166         0.0000934226
   -6.5128925000           0.0000012056         0.0000089651
   -6.4425425000           0.0000654868         0.0000660741
   -6.3721925000           0.0000037560         0.0000158241
   -6.3018425000           0.0000628794         0.0000647454
   -6.2314925000           0.0000000735         0.0000022135
   -6.1611425000           0.0000766211         0.0000714708
   -6.0907925000           0.0002604260         0.0001317639
   -6.0204425000           0.0000650363         0.0000658464
   -5.9500925000           0.0001336042         0.0000943766
   -5.8797425000           0.0001988532         0.0001151385
   -5.8093925000           0.0000737275         0.0000701083
   -5.7390425000           0.0001288156         0.0000926699
   -5.6686925000           0.0000685001         0.0000675772
   -5.5983425000           0.0001943426         0.0001138252
   -5.5279925000           0.0000006591         0.0000066286
   -5.4576425000           0.0000665651         0.0000666159
   -5.3872925000           0.0000661091         0.0000663873
   -5.3169425000           0.0000000000         0.0000000000
   -5.2465925000           0.0001325899         0.0000940177
   -5.1762425000           0.0000020836         0.0000117859
   -5.1058925000           0.0001370062         0.0000955706
   -5.0355425000           0.0001950512         0.0001140325
   -4.9651925000           0.0000070351         0.0000216566
   -4.8948425000           0.0000595672         0.0000630171
   -4.8244925000           0.0000666667         0.0000666667
   -4.7541425000           0.0000000643         0.0000020705
   -4.6837925000           0.0000085219         0.0000238354
   -4.6134425000           0.0001248114         0.0000912182
   -4.5430925000           0.0000070461         0.0000216735
   -4.4727425000           0.0000619950         0.0000642884
   -4.4023925000           0.0001338688         0.0000944700
   -4.3320425000           0.0001304234         0.0000932464
   -4.2616925000           0.0000724009         0.0000694746
   -4.1913425000           0.0003275771         0.0001477785
   -4.1209925000           0.0000055247         0.0000191914
   -4.0506425000           0.0001314677         0.0000936190
   -3.9802925000           0.0002724100         0.0001347615
   -3.9099425000           0.0003190676         0.0001458464
   -3.8395925000           0.0000086395         0.0000239993
   -3.7692425000           0.0002597793         0.0001316002
   -3.6988925000           0.0002697355         0.0001340984
   -3.6285425000           0.0000000000         0.0000000000
   -3.5581925000           0.0000006591         0.0000066286
   -3.4878425000           0.0000660186         0.0000663418
   -3.4174925000           0.0000024112         0.0000126786
   -3.3471425000           0.0001968454         0.0001145558
   -3.2767925000           0.0000685033         0.0000675787
   -3.2064425000           0.0001445465         0.0000981653
   -3.1360925000           0.0003877138         0.0001607719
   -3.0657425000           0.0000696793         0.0000681563
   -2.9953925000           0.0000642929         0.0000654690
   -2.9250425000           0.0000692520         0.0000679470
   -2.8546925000           0.0001318466         0.0000937538
   -2.7843425000           0.0001315647         0.0000936535
   -2.7139925000           0.0000000643         0.0000020705
   -2.6436425000           0.0001396361         0.0000964835
   -2.5732925000           0.0000620627         0.0000643235
   -2.5029425000           0.0000649146         0.0000657848
   -2.4325925000           0.0000017521         0.0000108078
   -2.3622425000           0.0001308323         0.0000933925
   -2.2918925000           0.0000019490         0.0000113988
   -2.2215425000           0.0001284475         0.0000925374
   -2.1511925000           0.0001432487         0.0000977237
   -2.0808425000           0.0001982479         0.0001149631
   -2.0104925000           0.0001358819         0.0000951777
   -1.9401425000           0.0002548563         0.0001303473
   -1.8697925000           0.0000139569         0.0000305035
   -1.7994425000           0.0004560605         0.0001743675
   -1.7290925000           0.0001369444         0.0000955491
   -1.6587425000           0.0001329942         0.0000941609
   -1.5883925000           0.0002074808         0.0001176097
   -1.5180425000           0.0002566683         0.0001308099
   -1.4476925000           0.0000106567         0.0000266542
   -1.3773425000           0.0002592399         0.0001314635
   -1.3069925000           0.0001488421         0.0000996133
   -1.2366425000           0.0003237115         0.0001469039
   -1.1662925000           0.0004640979         0.0001758973
   -1.0959425000           0.0003313159         0.0001486194
   -1.0255925000           0.0002683545         0.0001337546
   -0.9552425000           0.0002675748         0.0001335602
   -0.8848925000           0.0003999977         0.0001632988
   -0.8145425000           0.0004045559         0.0001642267
   -0.7441925000           0.0002651153         0.0001329449
   -0.6738425000           0.0004002010         0.0001633403
   -0.6034925000           0.0003350634         0.0001494576
   -0.5331425000           0.0003219470         0.0001465030
   -0.4627925000           0.0000689251         0.0000677865
   -0.3924425000           0.0004016935         0.0001636446
   -0.3220925000           0.0004688594         0.0001767973
   -0.2517425000           0.0002681865         0.0001337128
   -0.1813925000           0.0004037676         0.0001640666
   -0.1110425000           0.0007378564         0.0002217892
   -0.0406925000           0.0126095673         0.0009168630
    0.0296575000           0.0343367389         0.0015129825
    0.1000075000           0.0018373436         0.0003499851
    0.1703575000           0.0010211099         0.0002609099
    0.2407075000           0.0009930094         0.0002572948
    0.3110575000           0.0005518497         0.0001918071
    0.3814075000           0.0010302502         0.0002620751
    0.4517575000           0.0005543803         0.0001922464
    0.5221075000           0.0005904157         0.0001983962
    0.5924575000           0.0007936954         0.0002300283
    0.6628075000           0.0006207327         0.0002034261
    0.7331575000           0.0007809482         0.0002281736
    0.8035075000           0.0009049639         0.0002456235
    0.8738575000           0.0018397868         0.0003502177
    0.9442075000           0.0007360302         0.0002215145
    1.0145575000           0.0010738174         0.0002675590
    1.0849075000           0.0015900276         0.0003255792
    1.1552575000           0.0012140052         0.0002844884
    1.2256075000           0.0012793393         0.0002920433
    1.2959575000           0.0021590071         0.0003793861
    1.3663075000           0.0011688709         0.0002791500
    1.4366575000           0.0014658819         0.0003126107
    1.5070075000           0.0014558817         0.0003115426
    1.5773575000           0.0016879144         0.0003354514
    1.6477075000           0.0019820203         0.0003635034
    1.7180575000           0.0016844460         0.0003351065
    1.7884075000           0.0024631432         0.0004052278
    1.8587575000           0.0022072228         0.0003835990
    1.9291075000           0.0028981824         0.0004395591
    1.9994575000           0.0024935343         0.0004077200
    2.0698075000           0.0027903431         0.0004313037
    2.1401575000           0.0027367248         0.0004271397
    2.2105075000           0.0029577322         0.0004440520
    2.2808575000           0.0033530053         0.0004727935
    2.3512075000           0.0036197516         0.0004912400
    2.4215575000           0.0031256607         0.0004564837
    2.4919075000           0.0027815500         0.0004306236
    2.5622575000           0.0030449118         0.0004505487
    2.6326075000           0.0027146293         0.0004254119
    2.7029575000           0.0032248643         0.0004636712
    2.7733075000           0.0032210936         0.0004634000
    2.8436575000           0.0034915739         0.0004824641
    2.9140075000           0.0025461725         0.0004120010
    2.9843575000           0.0027852712         0.0004309115
    3.0547075000           0.0032162736         0.0004630532
    3.1250575000           0.0037938411         0.0005029142
    3.1954075000           0.0023411762         0.0003950676
    3.2657575000           0.0030857474         0.0004535598
    3.3361075000           0.0028439218         0.0004354248
    3.4064575000           0.0028830576         0.0004384106
    3.4768075000           0.0029722198         0.0004451382
    3.5471575000           0.0027832146         0.0004307524
    3.6175075000           0.0044886282         0.0005470301
    3.6878575000           0.0036665746         0.0004944070
    3.7582075000           0.0029867658         0.0004462261
    3.8285575000           0.0051070928         0.0005835005
    3.8989075000           0.0043125876         0.0005361957
    3.9692575000           0.0032588681         0.0004661093
    4.0396075000           0.0034536903         0.0004798396
    4.1099575000           0.0042884965         0.0005346960
    4.1803075000           0.0034582386         0.0004801554
    4.2506575000           0.0039759158         0.0005148408
    4.3210075000           0.0033600604         0.0004732906
    4.3913575000           0.0034090045         0.0004767252
    4.4617075000           0.0034950008         0.0004827008
    4.5320575000           0.0035830911         0.0004887461
    4.6024075000           0.0037329907         0.0004988648
    4.6727575000           0.0026409835         0.0004196017
    4.7431075000           0.0037600321         0.0005006684
    4.8134575000           0.0038251673         0.0005049863
    4.8838075000           0.0036788844         0.0004952363
    4.9541575000           0.0036257258         0.0004916453
    5.0245075000           0.0042033053         0.0005293584
    5.0948575000           0.0034733439         0.0004812029
    5.1652075000           0.0041149083         0.0005237626
    5.2355575000           0.0035231916         0.0004846436
    5.3059075000           0.0032194173         0.0004632794
    5.3762575000           0.0041856263         0.0005282440
    5.4466075000           0.0040371399         0.0005187896
    5.5169575000           0.0037965410         0.0005030932
    5.5873075000           0.0039815850         0.0005152077
    5.6576575000           0.0038875250         0.0005090858
    5.7280075000           0.0033884770         0.0004752878
    5.7983575000           0.0033329984         0.0004713808
    5.8687075000           0.0027971903         0.0004318326
    5.9390575000           0.0038297461         0.0005052884
    6.0094075000           0.0026990983         0.0004241932
    6.0797575000           0.0032727763         0.0004671029
    6.1501075000           0.0038392420         0.0005059145
    6.2204575000           0.0030241291         0.0004490085
    6.2908075000           0.0033425101         0.0004720530
    6.3611575000           0.0036979770         0.0004965197
    6.4315075000           0.0040107792         0.0005170931
    6.5018575000           0.0034679232         0.0004808273
    6.5722075000           0.0027205204         0.0004258733
    6.6425575000           0.0027406170         0.0004274433
    6.7129075000           0.0023339894         0.0003944608
    6.7832575000           0.0034538199         0.0004798486
    6.8536075000           0.0032015794         0.0004619942
    6.9239575000           0.0031020500         0.0004547563
    6.9943075000           0.0026261696         0.0004184232
    7.0646575000           0.0030152557         0.0004483492
    7.1350075000           0.0031748916         0.0004600646
    7.2053575000           0.0025403454         0.0004115293
    7.2757075000           0.0024500640         0.0004041505
    7.3460575000           0.0021674594         0.0003801280
    7.4164075000           0.0021224583         0.0003761612
    7.4867575000           0.0023018393         0.0003917345
    7.5571075000           0.0027071394         0.0004248246
    7.6274575000           0.0024008408         0.0004000701
    7.6978075000           0.0028522000         0.0004360581
    7.7681575000           0.0027758339         0.0004301809
    7.8385075000           0.0025157012         0.0004095283
    7.9088575000           0.0021862514         0.0003817723
    7.9792075000           0.0021406939         0.0003777736
    8.0495575000           0.0023489706         0.0003957247
    8.1199075000           0.0030922305         0.0004540360
    8.1902575000           0.0018021837         0.0003466202
    8.2606075000           0.0020133273         0.0003663630
    8.3309575000           0.0018719292         0.0003532638
    8.4013075000           0.0015299582         0.0003193700
    8.4716575000           0.0015990770         0.0003265044
    8.5420075000           0.0020655557         0.0003710845
    8.6123575000           0.0018642943         0.0003525426
    8.6827075000           0.0023346000         0.0003945124
    8.7530575000           0.0020067287         0.0003657621
    8.8234075000           0.0018363423         0.0003498897
    8.8937575000           0.0014070432         0.0003062726
    8.9641075000           0.0013265783         0.0002973862
    9.0344575000           0.0012614576         0.0002899951
    9.1048075000           0.0012834214         0.0002925088
    9.1751575000           0.0011339152         0.0002749443
    9.2455075000           0.0014582525         0.0003117961
    9.3158575000           0.0011677758         0.0002790192
    9.3862075000           0.0014890713         0.0003150737
    9.4565575000           0.0012702295         0.0002910017
    9.5269075000           0.0011434554         0.0002760985
    9.5972575000           0.0012674542         0.0002906836
    9.6676075000           0.0014639203         0.0003124015
    9.7379575000           0.0010513607         0.0002647465
    9.8083075000           0.0015503691         0.0003214933
    9.8786575000           0.0013258170         0.0002973009
    9.9490075000           0.0012508905         0.0002887779
   10.0193575000           0.0008197822         0.0002337780
   10.0897075000           0.0012952071         0.0002938488
   10.1600575000           0.0017090725         0.0003375473
   10.2304075000           0.0009400551         0.0002503404
   10.3007575000           0.0013885760         0.0003042560
   10.3711075000           0.0013387592         0.0002987484
   10.4414575000           0.0011952121         0.0002822779
   10.5118075000           0.0012045387         0.0002833771
   10.5821575000           0.0010636290         0.0002662867
   10.6525075000           0.0010051169         0.0002588586
   10.7228575000           0.0015314220         0.0003195228
   10.7932075000           0.0012539387         0.0002891296
   10.8635575000           0.0014391192         0.0003097439
   10.9339075000           0.0013694682         0.0003021554
   11.0042575000           0.0009895975         0.0002568524
   11.0746075000           0.0012052801         0.0002834643
   11.1449575000           0.0012517044         0.0002888719
   11.2153075000           0.0008213729         0.0002340047
   11.2856575000           0.0008884361         0.0002433702
   11.3560075000           0.0011078254         0.0002717628
   11.4263575000           0.0009238771         0.0002481770
   11.4967075000           0.0009408125         0.0002504413
   11.5670575000           0.0010154786         0.0002601895
   11.6374075000           0.0011890444         0.0002815486
   11.7077575000           0.0006658238         0.0002106852
   11.7781075000           0.0009287069         0.0002488248
   11.8484575000           0.0008088066         0.0002322077
   11.9188075000           0.0009761929         0.0002551069
   11.9891575000           0.0006783408         0.0002126563
   12.0595075000           0.0010750091         0.0002677074
   12.1298575000           0.0015870451         0.0003252737
   12.2002075000           0.0010872179         0.0002692233
   12.2705575000           0.0017669805         0.0003432182
   12.3409075000           0.0011493371         0.0002768076
   12.4112575000           0.0008569598         0.0002390202
   12.4816075000           0.0009567272         0.0002525506
   12.5519575000           0.0010660094         0.0002665845
   12.6223075000           0.0008598646         0.0002394249
   12.6926575000           0.0011783989         0.0002802854
   12.7630075000           0.0005277579         0.0001875736
   12.8333575000           0.0009962831         0.0002577186
   12.9037075000           0.0006707553         0.0002114640
