# Energy loss (eV)	Intensity (arb. units)	Error bar
   -1.2197100000           0.0027305884         0.0003458923
   -1.1493600000           0.0034375772         0.0003880959
   -1.0790100000           0.0040777491         0.0004226911
   -1.0086600000           0.0031588813         0.0003720313
   -0.9383100000           0.0041515159         0.0004264972
   -0.8679600000           0.0046122045         0.0004495387
   -0.7976100000           0.0044407983         0.0004411064
   -0.7272600000           0.0047081595         0.0004541909
   -0.6569100000           0.0041598946         0.0004269274
   -0.5865600000           0.0045910605         0.0004485071
   -0.5162100000           0.0055238966         0.0004919666
   -0.4458600000           0.0056562281         0.0004978245
   -0.3755100000           0.0055508683         0.0004931662
   -0.3051600000           0.0054304730         0.0004877886
   -0.2348100000           0.0055516605         0.0004932014
   -0.1644600000           0.0060190511         0.0005135430
   -0.0941100000           0.0100508360         0.0006636115
   -0.0237600000           0.0976837915         0.0020688265
    0.0465900000           0.2032613543         0.0029842845
    0.1169400000           0.1368856107         0.0024490166
    0.1872900000           0.0885293950         0.0019695027
    0.2576400000           0.0628313807         0.0016592091
    0.3279900000           0.0470952423         0.0014364858
    0.3983400000           0.0470559864         0.0014358870
    0.4686900000           0.0482103517         0.0014533927
    0.5390400000           0.0549123154         0.0015511282
    0.6093900000           0.0621527692         0.0016502246
    0.6797400000           0.0681469185         0.0017279689
    0.7500900000           0.0723550971         0.0017805222
    0.8204400000           0.0803775029         0.0018766361
    0.8907900000           0.0867542645         0.0019496571
    0.9611400000           0.0961603148         0.0020526304
    1.0314900000           0.0977757749         0.0020698003
    1.1018400000           0.1011889388         0.0021056168
    1.1721900000           0.1016263989         0.0021101634
    1.2425400000           0.1040792076         0.0021354766
    1.3128900000           0.1029204335         0.0021235555
    1.3832400000           0.1021989277         0.0021160990
    1.4535900000           0.0985408799         0.0020778828
    1.5239400000           0.0978743027         0.0020708429
    1.5942900000           0.1013727894         0.0021075288
    1.6646400000           0.1043538927         0.0021382927
    1.7349900000           0.1045513254         0.0021403145
    1.8053400000           0.1074378313         0.0021696588
    1.8756900000           0.1097508307         0.0021928894
    1.9460400000           0.1107565325         0.0022029138
    2.0163900000           0.1099661374         0.0021950393
    2.0867400000           0.1023303411         0.0021174591
    2.1570900000           0.1018150286         0.0021121209
    2.2274400000           0.0949826827         0.0020400229
    2.2977900000           0.0881314474         0.0019650711
    2.3681400000           0.0836311670         0.0019142423
    2.4384900000           0.0787240845         0.0018572340
    2.5088400000           0.0747475315         0.0018097194
    2.5791900000           0.0771166724         0.0018381755
    2.6495400000           0.0771499660         0.0018385722
    2.7198900000           0.0732926259         0.0017920205
    2.7902400000           0.0775679897         0.0018435465
    2.8605900000           0.0791369570         0.0018620978
    2.9309400000           0.0785189054         0.0018548122
    3.0012900000           0.0799050387         0.0018711125
    3.0716400000           0.0810807260         0.0018848276
    3.1419900000           0.0842385589         0.0019211810
    3.2123400000           0.0897466099         0.0019829960
    3.2826900000           0.0997398077         0.0020904851
    3.3530400000           0.1096084174         0.0021914662
    3.4233900000           0.1286733481         0.0023744177
    3.4937400000           0.1573953845         0.0026260852
    3.5640900000           0.1961031133         0.0029312649
    3.6344400000           0.2611120598         0.0033824103
    3.7047900000           0.3420976353         0.0038715766
    3.7751400000           0.4100138233         0.0042384989
    3.8454900000           0.4741878185         0.0045581438
    3.9158400000           0.5104045202         0.0047290083
    3.9861900000           0.5350780715         0.0048419622
    4.0565400000           0.5337425913         0.0048359160
    4.1268900000           0.5170841919         0.0047598520
    4.1972400000           0.4952622450         0.0046583319
    4.2675900000           0.4687108995         0.0045317438
    4.3379400000           0.4371537321         0.0043765301
    4.4082900000           0.4039859778         0.0042072272
    4.4786400000           0.3825405458         0.0040940351
    4.5489900000           0.3663688695         0.0040065642
    4.6193400000           0.3511389937         0.0039224043
    4.6896900000           0.3398449791         0.0038588087
    4.7600400000           0.3376094542         0.0038460960
    4.8303900000           0.3398560166         0.0038588714
    4.9007400000           0.3403992325         0.0038619541
    4.9710900000           0.3476077188         0.0039026313
    5.0414400000           0.3490370855         0.0039106469
    5.1117900000           0.3575131285         0.0039578453
    5.1821400000           0.3661476419         0.0040053543
    5.2524900000           0.3587450271         0.0039646583
    5.3228400000           0.3568578747         0.0039542167
    5.3931900000           0.3612830044         0.0039786578
    5.4635400000           0.3696287707         0.0040243496
    5.5338900000           0.3678041652         0.0040144046
    5.6042400000           0.3723868984         0.0040393364
    5.6745900000           0.3737307353         0.0040466182
    5.7449400000           0.3701820674         0.0040273605
    5.8152900000           0.3748815983         0.0040528440
    5.8856400000           0.3702392946         0.0040276718
    5.9559900000           0.3736187662         0.0040460120
    6.0263400000           0.3766816016         0.0040625622
    6.0966900000           0.3652646840         0.0040005220
    6.1670400000           0.3604398512         0.0039740124
    6.2373900000           0.3464478209         0.0038961147
    6.3077400000           0.3404700891         0.0038623560
    6.3780900000           0.3204508821         0.0037470851
    6.4484400000           0.3191632606         0.0037395493
    6.5187900000           0.3104572685         0.0036881938
    6.5891400000           0.3017395502         0.0036360424
    6.6594900000           0.2957964748         0.0036000565
    6.7298400000           0.2878233774         0.0035512059
    6.8001900000           0.2784335270         0.0034927989
    6.8705400000           0.2712162034         0.0034472330
    6.9408900000           0.2713426730         0.0034480366
    7.0112400000           0.2684919013         0.0034298760
    7.0815900000           0.2601754637         0.0033763386
    7.1519400000           0.2454673670         0.0032795156
    7.2222900000           0.2363081471         0.0032177490
    7.2926400000           0.2238874966         0.0031320432
    7.3629900000           0.2098300318         0.0030321218
    7.4333400000           0.1990722270         0.0029533720
    7.5036900000           0.1880177726         0.0028702007
    7.5740400000           0.1748425888         0.0027678110
    7.6443900000           0.1665545226         0.0027014133
    7.7147400000           0.1588854227         0.0026384863
    7.7850900000           0.1452779254         0.0025229732
    7.8554400000           0.1328007900         0.0024121991
    7.9257900000           0.1241993043         0.0023327726
    7.9961400000           0.1188015395         0.0022815178
    8.0664900000           0.1036056188         0.0021306125
    8.1368400000           0.0976233419         0.0020681863
    8.2071900000           0.0893511734         0.0019786225
    8.2775400000           0.0823113354         0.0018990773
    8.3478900000           0.0757209854         0.0018214655
    8.4182400000           0.0738545705         0.0017988772
    8.4885900000           0.0621976710         0.0016508206
    8.5589400000           0.0589797208         0.0016075488
    8.6292900000           0.0565070702         0.0015734908
    8.6996400000           0.0526283213         0.0015185272
    8.7699900000           0.0460365028         0.0014202473
    8.8403400000           0.0442329704         0.0013921495
    8.9106900000           0.0394279461         0.0013143617
    8.9810400000           0.0415100254         0.0013486191
    9.0513900000           0.0367741185         0.0012693575
    9.1217400000           0.0342378207         0.0012248020
    9.1920900000           0.0317178896         0.0011788674
    9.2624400000           0.0319632099         0.0011834176
    9.3327900000           0.0302154163         0.0011506073
    9.4031400000           0.0281491271         0.0011105683
    9.4734900000           0.0267115283         0.0010818379
    9.5438400000           0.0252078107         0.0010509460
    9.6141900000           0.0258928932         0.0010651312
    9.6845400000           0.0238264444         0.0010217448
    9.7548900000           0.0230486052         0.0010049285
    9.8252400000           0.0231381776         0.0010068793
    9.8955900000           0.0226526170         0.0009962584
    9.9659400000           0.0224222887         0.0009911806
   10.0362900000           0.0202409742         0.0009417346
   10.1066400000           0.0215770013         0.0009723181
   10.1769900000           0.0211041741         0.0009616056
   10.2473400000           0.0209018467         0.0009569850
   10.3176900000           0.0206178777         0.0009504621
   10.3880400000           0.0198757951         0.0009332007
   10.4583900000           0.0179916007         0.0008878666
   10.5287400000           0.0182345638         0.0008938415
   10.5990900000           0.0159008520         0.0008346858
   10.6694400000           0.0159662823         0.0008364013
   10.7397900000           0.0176045327         0.0008782640
   10.8101400000           0.0147208900         0.0008031189
   10.8804900000           0.0148599497         0.0008069033
   10.9508400000           0.0143355571         0.0007925380
   11.0211900000           0.0140592630         0.0007848634
   11.0915400000           0.0135825277         0.0007714417
   11.1618900000           0.0137889781         0.0007772825
   11.2322400000           0.0073580155         0.0005677971
   11.3025900000           0.0055496458         0.0004931119
   11.3729400000           0.0043910223         0.0004386273
