# Energy loss (eV)	Intensity (arb. units)	Error bar
   -1.2207800000           0.0031429027         0.0003888611
   -1.1504300000           0.0044165545         0.0004609681
   -1.0800800000           0.0040832648         0.0004432338
   -1.0097300000           0.0039975806         0.0004385586
   -0.9393800000           0.0045227505         0.0004664772
   -0.8690300000           0.0048053847         0.0004808318
   -0.7986800000           0.0046565569         0.0004733273
   -0.7283300000           0.0039893476         0.0004381068
   -0.6579800000           0.0058575604         0.0005308691
   -0.5876300000           0.0045428721         0.0004675137
   -0.5172800000           0.0038939416         0.0004328364
   -0.4469300000           0.0054202944         0.0005106702
   -0.3765800000           0.0055033849         0.0005145695
   -0.3062300000           0.0055640149         0.0005173962
   -0.2358800000           0.0059687218         0.0005358827
   -0.1655300000           0.0060592716         0.0005399323
   -0.0951800000           0.0097451556         0.0006847365
   -0.0248300000           0.1136755497         0.0023386358
    0.0455200000           0.2104326791         0.0031818936
    0.1158700000           0.1560690036         0.0027402324
    0.1862200000           0.0971332170         0.0021617872
    0.2565700000           0.0662459355         0.0017852896
    0.3269200000           0.0545039922         0.0016193593
    0.3972700000           0.0468766307         0.0015017833
    0.4676200000           0.0511342815         0.0015685022
    0.5379700000           0.0632258145         0.0017441197
    0.6083200000           0.0703895523         0.0018402769
    0.6786700000           0.0745251818         0.0018935666
    0.7490200000           0.0776953968         0.0019334222
    0.8193700000           0.0808856290         0.0019727168
    0.8897200000           0.0850267113         0.0020225849
    0.9600700000           0.0888312886         0.0020673407
    1.0304200000           0.0894455728         0.0020744763
    1.1007700000           0.0923068666         0.0021073956
    1.1711200000           0.0978548433         0.0021698026
    1.2414700000           0.1044108959         0.0022413102
    1.3118200000           0.1018781443         0.0022139590
    1.3821700000           0.1020695597         0.0022160379
    1.4525200000           0.1040481452         0.0022374134
    1.5228700000           0.1070381799         0.0022693340
    1.5932200000           0.1083838470         0.0022835543
    1.6635700000           0.1180210665         0.0023829165
    1.7339200000           0.1213248119         0.0024160386
    1.8042700000           0.1193258014         0.0023960520
    1.8746200000           0.1169346886         0.0023719239
    1.9449700000           0.1124265254         0.0023257523
    2.0153200000           0.1050741800         0.0022484181
    2.0856700000           0.0934327244         0.0021202085
    2.1560200000           0.0908096430         0.0020902347
    2.2263700000           0.0853971294         0.0020269858
    2.2967200000           0.0881732492         0.0020596693
    2.3670700000           0.0831642581         0.0020003105
    2.4374200000           0.0806821159         0.0019702335
    2.5077700000           0.0783459934         0.0019415003
    2.5781200000           0.0821574192         0.0019881652
    2.6484700000           0.0775197523         0.0019312356
    2.7188200000           0.0823538079         0.0019905400
    2.7891700000           0.0843577549         0.0020146127
    2.8595200000           0.0832539164         0.0020013885
    2.9298700000           0.0863743261         0.0020385501
    3.0002200000           0.0898581009         0.0020792546
    3.0705700000           0.0933784101         0.0021195921
    3.1409200000           0.1002507662         0.0021962052
    3.2112700000           0.1035030674         0.0022315451
    3.2816200000           0.1141588185         0.0023436017
    3.3519700000           0.1268787710         0.0024707201
    3.4223200000           0.1425308557         0.0026186865
    3.4926700000           0.1748679956         0.0029005759
    3.5630200000           0.2219957575         0.0032681456
    3.6333700000           0.2939478304         0.0037606611
    3.7037200000           0.3795628027         0.0042733738
    3.7740700000           0.4814990139         0.0048131208
    3.8444200000           0.5669234082         0.0052226540
    3.9147700000           0.6212308730         0.0054670819
    3.9851200000           0.6566695588         0.0056208566
    4.0554700000           0.6491794904         0.0055887085
    4.1258200000           0.6297472802         0.0055044282
    4.1961700000           0.5802732385         0.0052837874
    4.2665200000           0.5329138832         0.0050635789
    4.3368700000           0.4894830570         0.0048528615
    4.4072200000           0.4368166866         0.0045843596
    4.4775700000           0.4011914982         0.0043934423
    4.5479200000           0.3742662969         0.0042434533
    4.6182700000           0.3565510951         0.0041418079
    4.6886200000           0.3371014161         0.0040272571
    4.7589700000           0.3413001767         0.0040522602
    4.8293200000           0.3235784498         0.0039456527
    4.8996700000           0.3206907838         0.0039280075
    4.9700200000           0.3192975555         0.0039194656
    5.0403700000           0.3256964862         0.0039585451
    5.1107200000           0.3328424377         0.0040017358
    5.1810700000           0.3368565760         0.0040257943
    5.2514200000           0.3426003063         0.0040599710
    5.3217700000           0.3548402625         0.0041318592
    5.3921200000           0.3570448143         0.0041446745
    5.4624700000           0.3717981643         0.0042294382
    5.5328200000           0.3685950778         0.0042111802
    5.6031700000           0.3811810767         0.0042824739
    5.6735200000           0.3884001100         0.0043228358
    5.7438700000           0.3815514248         0.0042845538
    5.8142200000           0.3949554239         0.0043591630
    5.8845700000           0.3980440562         0.0043761745
    5.9549200000           0.4054849607         0.0044168885
    6.0252700000           0.3925810252         0.0043460400
    6.0956200000           0.4020514773         0.0043981486
    6.1659700000           0.3942305599         0.0043551609
    6.2363200000           0.3820142901         0.0042871519
    6.3066700000           0.3654057647         0.0041929218
    6.3770200000           0.3587554325         0.0041545913
    6.4473700000           0.3635314691         0.0041821545
    6.5177200000           0.3441509105         0.0040691484
    6.5880700000           0.3376621378         0.0040306051
    6.6584200000           0.3269367978         0.0039660754
    6.7287700000           0.3233793554         0.0039444387
    6.7991200000           0.3158391154         0.0038981812
    6.8694700000           0.3132192518         0.0038819799
    6.9398200000           0.3010020349         0.0038055180
    7.0101700000           0.2979126743         0.0037859385
    7.0805200000           0.2816956852         0.0036814522
    7.1508700000           0.2730131808         0.0036242727
    7.2212200000           0.2525690135         0.0034859335
    7.2915700000           0.2459726133         0.0034401109
    7.3619200000           0.2317980865         0.0033395195
    7.4322700000           0.2161756283         0.0032250201
    7.5026200000           0.2067866280         0.0031542077
    7.5729700000           0.1971473288         0.0030798142
    7.6433200000           0.1797223307         0.0029405603
    7.7136700000           0.1634638679         0.0028043999
    7.7840200000           0.1551584977         0.0027322274
    7.8543700000           0.1464660779         0.0026545908
    7.9247200000           0.1312434556         0.0025128577
    7.9950700000           0.1261524136         0.0024636377
    8.0654200000           0.1108077581         0.0023089480
    8.1357700000           0.1025444106         0.0022211867
    8.2061200000           0.0941051523         0.0021278243
    8.2764700000           0.0842818484         0.0020137061
    8.3468200000           0.0818518763         0.0019844647
    8.4171700000           0.0755279704         0.0019062637
    8.4875200000           0.0658750069         0.0017802845
    8.5578700000           0.0659406607         0.0017811714
    8.6282200000           0.0622104815         0.0017300587
    8.6985700000           0.0535143222         0.0016045900
    8.7689200000           0.0502584122         0.0015550109
    8.8392700000           0.0457316761         0.0014833295
    8.9096200000           0.0439338712         0.0014538808
    8.9799700000           0.0410010394         0.0014045154
    9.0503200000           0.0368424570         0.0013313841
    9.1206700000           0.0369910984         0.0013340671
    9.1910200000           0.0324675182         0.0012498377
    9.2613700000           0.0311084440         0.0012233992
    9.3317200000           0.0316885493         0.0012347534
    9.4020700000           0.0287769357         0.0011766609
    9.4724200000           0.0282247207         0.0011653165
    9.5427700000           0.0283080945         0.0011670363
    9.6131200000           0.0266685833         0.0011327369
    9.6834700000           0.0267354095         0.0011341552
    9.7538200000           0.0258780379         0.0011158215
    9.8241700000           0.0255891987         0.0011095769
    9.8945200000           0.0267262501         0.0011339609
    9.9648700000           0.0243472523         0.0010823159
   10.0352200000           0.0230663598         0.0010534613
   10.1055700000           0.0218751577         0.0010258991
   10.1759200000           0.0213172485         0.0010127322
   10.2462700000           0.0212315588         0.0010106947
   10.3166200000           0.0208906310         0.0010025472
   10.3869700000           0.0214216308         0.0010152087
   10.4573200000           0.0201196270         0.0009838730
   10.5276700000           0.0184992635         0.0009434226
   10.5980200000           0.0188993116         0.0009535689
   10.6683700000           0.0172915523         0.0009121076
   10.7387200000           0.0181008687         0.0009332087
   10.8090700000           0.0159988346         0.0008773507
   10.8794200000           0.0166010315         0.0008937100
   10.9497700000           0.0170301836         0.0009051879
   11.0201200000           0.0180138101         0.0009309618
   11.0904700000           0.0158218757         0.0008724852
   11.1608200000           0.0134031101         0.0008030302
   11.2311700000           0.0076378848         0.0006061996
   11.3015200000           0.0059555494         0.0005352910
   11.3718700000           0.0057765428         0.0005271850
