# Energy loss (eV)	Intensity (arb. units)	Error bar
   -4.4067125000           0.0002619476         0.0001206343
   -4.3369625000           0.0001897909         0.0001026837
   -4.2672125000           0.0000961714         0.0000730949
   -4.1974625000           0.0003106215         0.0001313649
   -4.1277125000           0.0004391687         0.0001561994
   -4.0579625000           0.0009844044         0.0002338571
   -3.9882125000           0.0005561097         0.0001757697
   -3.9184625000           0.0006166646         0.0001850923
   -3.8487125000           0.0007505345         0.0002041969
   -3.7789625000           0.0007610075         0.0002056166
   -3.7092125000           0.0009948302         0.0002350922
   -3.6394625000           0.0008758445         0.0002205856
   -3.5697125000           0.0008303682         0.0002147826
   -3.4999625000           0.0007370779         0.0002023580
   -3.4302125000           0.0006108622         0.0001842194
   -3.3604625000           0.0008045332         0.0002114150
   -3.2907125000           0.0008937907         0.0002228341
   -3.2209625000           0.0006790641         0.0001942313
   -3.1512125000           0.0009782457         0.0002331244
   -3.0814625000           0.0004949289         0.0001658193
   -3.0117125000           0.0009937302         0.0002349622
   -2.9419625000           0.0011414560         0.0002518218
   -2.8722125000           0.0005827780         0.0001799349
   -2.8024625000           0.0003913039         0.0001474419
   -2.7327125000           0.0007308488         0.0002015011
   -2.6629625000           0.0007237435         0.0002005193
   -2.5932125000           0.0006479429         0.0001897283
   -2.5234625000           0.0007757236         0.0002075952
   -2.4537125000           0.0006544428         0.0001906776
   -2.3839625000           0.0008150804         0.0002127963
   -2.3142125000           0.0009602740         0.0002309731
   -2.2444625000           0.0006695969         0.0001928726
   -2.1747125000           0.0007557153         0.0002049004
   -2.1049625000           0.0006500679         0.0001900392
   -2.0352125000           0.0010234684         0.0002384520
   -1.9654625000           0.0009817497         0.0002335415
   -1.8957125000           0.0010206777         0.0002381267
   -1.8259625000           0.0012415377         0.0002626296
   -1.7562125000           0.0006616890         0.0001917303
   -1.6864625000           0.0010179847         0.0002378123
   -1.6167125000           0.0012647642         0.0002650749
   -1.5469625000           0.0010402234         0.0002403959
   -1.4772125000           0.0008591649         0.0002184751
   -1.4074625000           0.0012130233         0.0002595962
   -1.3377125000           0.0013339578         0.0002722293
   -1.2679625000           0.0013190430         0.0002707031
   -1.1982125000           0.0011363138         0.0002512539
   -1.1284625000           0.0029324711         0.0004036274
   -1.0587125000           0.0012125874         0.0002595496
   -0.9889625000           0.0012598717         0.0002645617
   -0.9192125000           0.0008636655         0.0002190466
   -0.8494625000           0.0013149918         0.0002702871
   -0.7797125000           0.0014064636         0.0002795297
   -0.7099625000           0.0011786709         0.0002558940
   -0.6402125000           0.0014187439         0.0002807474
   -0.5704625000           0.0016156340         0.0002995955
   -0.5007125000           0.0016148465         0.0002995224
   -0.4309625000           0.0008843323         0.0002216519
   -0.3612125000           0.0020100113         0.0003341666
   -0.2914625000           0.0017316233         0.0003101633
   -0.2217125000           0.0016907023         0.0003064766
   -0.1519625000           0.0016313817         0.0003010520
   -0.0822125000           0.0051272155         0.0005337090
   -0.0124625000           0.0326740635         0.0013473031
    0.0572875000           0.0175071215         0.0009862139
    0.1270375000           0.0083545383         0.0006812790
    0.1967875000           0.0071893940         0.0006319895
    0.2665375000           0.0106254380         0.0007683112
    0.3362875000           0.0128544360         0.0008450653
    0.4060375000           0.0193446292         0.0010366782
    0.4757875000           0.0228359604         0.0011263501
    0.5455375000           0.0302437248         0.0012962280
    0.6152875000           0.0320115436         0.0013335738
    0.6850375000           0.0342825011         0.0013800664
    0.7547875000           0.0370900240         0.0014354640
    0.8245375000           0.0395787679         0.0014828420
    0.8942875000           0.0360619262         0.0014154294
    0.9640375000           0.0374274051         0.0014419779
    1.0337875000           0.0359774749         0.0014137711
    1.1035375000           0.0345962417         0.0013863670
    1.1732875000           0.0343154028         0.0013807285
    1.2430375000           0.0363972999         0.0014219959
    1.3127875000           0.0350493258         0.0013954156
    1.3825375000           0.0368944109         0.0014316737
    1.4522875000           0.0359379179         0.0014129936
    1.5220375000           0.0420564558         0.0015285515
    1.5917875000           0.0424802893         0.0015362344
    1.6615375000           0.0480964974         0.0016346338
    1.7312875000           0.0484140424         0.0016400210
    1.8010375000           0.0563103879         0.0017687156
    1.8707875000           0.0658536071         0.0019127294
    1.9405375000           0.0782396803         0.0020848618
    2.0102875000           0.0918085838         0.0022584235
    2.0800375000           0.0996805377         0.0023532547
    2.1497875000           0.1141605359         0.0025183828
    2.2195375000           0.1276245853         0.0026627532
    2.2892875000           0.1327713875         0.0027159139
    2.3590375000           0.1425895535         0.0028145411
    2.4287875000           0.1327754786         0.0027159557
    2.4985375000           0.1330304639         0.0027185624
    2.5682875000           0.1315346500         0.0027032352
    2.6380375000           0.1237628082         0.0026221578
    2.7077875000           0.1227350760         0.0026112478
    2.7775375000           0.1172123847         0.0025518227
    2.8472875000           0.1045111553         0.0024096007
    2.9170375000           0.1018407197         0.0023786168
    2.9867875000           0.0929433207         0.0022723375
    3.0565375000           0.0882973923         0.0022148162
    3.1262875000           0.0873649577         0.0022030907
    3.1960375000           0.0811466902         0.0021232403
    3.2657875000           0.0785460347         0.0020889396
    3.3355375000           0.0731562076         0.0020159945
    3.4052875000           0.0742138556         0.0020305152
    3.4750375000           0.0712954676         0.0019901908
    3.5447875000           0.0675951702         0.0019378564
    3.6145375000           0.0696488348         0.0019670739
    3.6842875000           0.0682922470         0.0019478228
    3.7540375000           0.0667969523         0.0019263805
    3.8237875000           0.0628411051         0.0018684680
    3.8935375000           0.0642360629         0.0018890924
    3.9632875000           0.0616654639         0.0018509076
    4.0330375000           0.0636846848         0.0018809673
    4.1027875000           0.0597036985         0.0018212282
    4.1725375000           0.0622833276         0.0018601572
    4.2422875000           0.0592219410         0.0018138654
    4.3120375000           0.0597115428         0.0018213478
    4.3817875000           0.0570750915         0.0017806848
    4.4515375000           0.0593322449         0.0018155539
    4.5212875000           0.0606100248         0.0018349996
    4.5910375000           0.0607040125         0.0018364218
    4.6607875000           0.0585284361         0.0018032137
    4.7305375000           0.0581577709         0.0017974947
    4.8002875000           0.0622275866         0.0018593246
    4.8700375000           0.0603745727         0.0018314319
    4.9397875000           0.0596548693         0.0018204833
    5.0095375000           0.0630584287         0.0018716960
    5.0792875000           0.0612297005         0.0018443563
    5.1490375000           0.0639629824         0.0018850727
    5.2187875000           0.0596610501         0.0018205776
    5.2885375000           0.0611043240         0.0018424670
    5.3582875000           0.0643900328         0.0018913551
    5.4280375000           0.0673174023         0.0019338706
    5.4977875000           0.0677659770         0.0019403032
    5.5675375000           0.0709275479         0.0019850489
    5.6372875000           0.0690610622         0.0019587562
    5.7070375000           0.0755413773         0.0020485954
    5.7767875000           0.0724754582         0.0020065927
    5.8465375000           0.0744037039         0.0020331107
    5.9162875000           0.0755124196         0.0020482027
    5.9860375000           0.0823149997         0.0021384704
    6.0557875000           0.0802961416         0.0021120835
    6.1255375000           0.0795617212         0.0021024023
    6.1952875000           0.0753962875         0.0020466271
    6.2650375000           0.0739145772         0.0020264169
    6.3347875000           0.0698300556         0.0019696313
    6.4045375000           0.0668424274         0.0019270361
    6.4742875000           0.0606039237         0.0018349073
    6.5440375000           0.0614439716         0.0018475806
    6.6137875000           0.0543474168         0.0017376136
    6.6835375000           0.0523402709         0.0017052252
    6.7532875000           0.0533321338         0.0017213066
    6.8230375000           0.0480432787         0.0016337292
    6.8927875000           0.0489365145         0.0016488466
    6.9625375000           0.0479854724         0.0016327460
    7.0322875000           0.0444573427         0.0015715764
    7.1020375000           0.0443295782         0.0015693165
    7.1717875000           0.0438909993         0.0015615341
    7.2415375000           0.0411079414         0.0015112162
    7.3112875000           0.0374339114         0.0014421032
    7.3810375000           0.0365862816         0.0014256827
    7.4507875000           0.0343723446         0.0013818736
    7.5205375000           0.0348178107         0.0013907993
    7.5902875000           0.0307909511         0.0013079023
    7.6600375000           0.0305342595         0.0013024392
    7.7297875000           0.0302356411         0.0012960547
    7.7995375000           0.0293268673         0.0012764288
    7.8692875000           0.0267785940         0.0012197129
    7.9390375000           0.0253455972         0.0011866291
    8.0087875000           0.0240218756         0.0011552267
    8.0785375000           0.0223390817         0.0011140288
    8.1482875000           0.0221016728         0.0011080933
    8.2180375000           0.0203307986         0.0010627741
    8.2877875000           0.0184436196         0.0010122478
    8.3575375000           0.0168535760         0.0009676310
    8.4272875000           0.0148853956         0.0009093769
    8.4970375000           0.0137473113         0.0008739219
    8.5667875000           0.0144650540         0.0008964453
    8.6365375000           0.0117496688         0.0008079353
    8.7062875000           0.0129845172         0.0008493304
    8.7760375000           0.0114456507         0.0007974142
    8.8457875000           0.0099856118         0.0007448196
    8.9155375000           0.0099453240         0.0007433155
    8.9852875000           0.0089444188         0.0007049200
    9.0550375000           0.0097210612         0.0007348870
    9.1247875000           0.0088386796         0.0007007409
    9.1945375000           0.0078739761         0.0006613948
    9.2642875000           0.0099998541         0.0007453506
    9.3340375000           0.0070569857         0.0006261428
    9.4037875000           0.0065685595         0.0006040861
    9.4735375000           0.0064493648         0.0005985800
    9.5432875000           0.0066581647         0.0006081924
    9.6130375000           0.0065096018         0.0006013689
    9.6827875000           0.0062015615         0.0005869678
    9.7525375000           0.0060536301         0.0005799248
    9.8222875000           0.0063264248         0.0005928474
    9.8920375000           0.0056797276         0.0005617298
    9.9617875000           0.0050165061         0.0005279155
   10.0315375000           0.0055265824         0.0005541050
   10.1012875000           0.0048501644         0.0005190892
   10.1710375000           0.0047654794         0.0005145375
   10.2407875000           0.0035149784         0.0004419011
   10.3105375000           0.0043950093         0.0004941328
   10.3802875000           0.0049345059         0.0005235831
   10.4500375000           0.0036682805         0.0004514348
   10.5197875000           0.0042236379         0.0004844033
   10.5895375000           0.0041348077         0.0004792823
   10.6592875000           0.0044326703         0.0004962454
   10.7290375000           0.0044821227         0.0004990058
   10.7987875000           0.0033641672         0.0004323172
   10.8685375000           0.0034362716         0.0004369256
   10.9382875000           0.0031029118         0.0004151915
   11.0080375000           0.0032539753         0.0004251781
   11.0777875000           0.0030954702         0.0004146933
   11.1475375000           0.0036933046         0.0004529720
   11.2172875000           0.0035925115         0.0004467482
   11.2870375000           0.0036431253         0.0004498843
   11.3567875000           0.0027617127         0.0003916995
   11.4265375000           0.0032240028         0.0004232154
   11.4962875000           0.0028510206         0.0003979825
   11.5660375000           0.0029499459         0.0004048282
   11.6357875000           0.0023469302         0.0003610887
   11.7055375000           0.0026340765         0.0003825410
   11.7752875000           0.0028374171         0.0003970318
   11.8450375000           0.0028351164         0.0003968708
   11.9147875000           0.0025715878         0.0003779762
   11.9845375000           0.0019269106         0.0003271859
   12.0542875000           0.0017874443         0.0003151229
   12.1240375000           0.0012905329         0.0002677616
   12.1937875000           0.0006416301         0.0001888018
   12.2635375000           0.0014444444         0.0002832789
