# Energy loss (eV)	Intensity (arb. units)	Error bar
   -5.2227625000           0.0000957416         0.0000729313
   -5.1530125000           0.0000434174         0.0000491129
   -5.0832625000           0.0002412106         0.0001157609
   -5.0135125000           0.0000713740         0.0000629700
   -4.9437625000           0.0001518645         0.0000918527
   -4.8740125000           0.0001263827         0.0000837930
   -4.8042625000           0.0001499544         0.0000912732
   -4.7345125000           0.0000557188         0.0000556371
   -4.6647625000           0.0001201325         0.0000816947
   -4.5950125000           0.0002878808         0.0001264649
   -4.5252625000           0.0002620818         0.0001206652
   -4.4555125000           0.0002309742         0.0001132780
   -4.3857625000           0.0002851299         0.0001258593
   -4.3160125000           0.0004499396         0.0001581033
   -4.2462625000           0.0003413099         0.0001377014
   -4.1765125000           0.0003137829         0.0001320317
   -4.1067625000           0.0002172879         0.0001098706
   -4.0370125000           0.0003172251         0.0001327540
   -3.9672625000           0.0002377591         0.0001149297
   -3.8975125000           0.0003262750         0.0001346343
   -3.8277625000           0.0003645401         0.0001423103
   -3.7580125000           0.0005236427         0.0001705616
   -3.6882625000           0.0003601486         0.0001414505
   -3.6185125000           0.0003233692         0.0001340334
   -3.5487625000           0.0003832387         0.0001459145
   -3.4790125000           0.0001754636         0.0000987319
   -3.4092625000           0.0003766555         0.0001446558
   -3.3395125000           0.0002875420         0.0001263905
   -3.2697625000           0.0003724909         0.0001438539
   -3.2000125000           0.0002768268         0.0001240132
   -3.1302625000           0.0001776430         0.0000993431
   -3.0605125000           0.0005089969         0.0001681595
   -2.9907625000           0.0005531353         0.0001752990
   -2.9210125000           0.0003482498         0.0001390943
   -2.8512625000           0.0004835367         0.0001638998
   -2.7815125000           0.0003732867         0.0001440075
   -2.7117625000           0.0003500293         0.0001394492
   -2.6420125000           0.0003235201         0.0001340647
   -2.5722625000           0.0005093438         0.0001682168
   -2.5025125000           0.0003830183         0.0001458725
   -2.4327625000           0.0004132472         0.0001515196
   -2.3630125000           0.0005953539         0.0001818659
   -2.2932625000           0.0003314600         0.0001356998
   -2.2235125000           0.0002874522         0.0001263707
   -2.1537625000           0.0004752610         0.0001624912
   -2.0840125000           0.0005059575         0.0001676566
   -2.0142625000           0.0002250057         0.0001118048
   -1.9445125000           0.0003006953         0.0001292490
   -1.8747625000           0.0004999388         0.0001666565
   -1.8050125000           0.0003587650         0.0001411786
   -1.7352625000           0.0007168103         0.0001995565
   -1.6655125000           0.0007009046         0.0001973300
   -1.5957625000           0.0004363454         0.0001556965
   -1.5260125000           0.0003819979         0.0001456781
   -1.4562625000           0.0003633075         0.0001420695
   -1.3865125000           0.0010470419         0.0002411825
   -1.3167625000           0.0008200943         0.0002134497
   -1.2470125000           0.0005513175         0.0001750107
   -1.1772625000           0.0003633336         0.0001420746
   -1.1075125000           0.0008070120         0.0002117404
   -1.0377625000           0.0004433139         0.0001569349
   -0.9680125000           0.0004688435         0.0001613904
   -0.8982625000           0.0007009250         0.0001973329
   -0.8285125000           0.0006482483         0.0001897730
   -0.7587625000           0.0008274682         0.0002144072
   -0.6890125000           0.0006969554         0.0001967733
   -0.6192625000           0.0008227145         0.0002137905
   -0.5495125000           0.0006001850         0.0001826023
   -0.4797625000           0.0011237339         0.0002498593
   -0.4100125000           0.0009516251         0.0002299306
   -0.3402625000           0.0011721496         0.0002551851
   -0.2705125000           0.0011575065         0.0002535861
   -0.2007625000           0.0013390705         0.0002727504
   -0.1310125000           0.0017415933         0.0003110550
   -0.0612625000           0.0096452255         0.0007320149
    0.0084875000           0.0861897594         0.0021882230
    0.0782375000           0.0298451244         0.0012876577
    0.1479875000           0.0095854339         0.0007297425
    0.2177375000           0.0075925338         0.0006494670
    0.2874875000           0.0082825598         0.0006783378
    0.3572375000           0.0078463402         0.0006602331
    0.4269875000           0.0089693794         0.0007059029
    0.4967375000           0.0094231387         0.0007235383
    0.5664875000           0.0098633052         0.0007402441
    0.6362375000           0.0107955654         0.0007744376
    0.7059875000           0.0114364576         0.0007970939
    0.7757375000           0.0119333166         0.0008142248
    0.8454875000           0.0123519775         0.0008283846
    0.9152375000           0.0151709275         0.0009180574
    0.9849875000           0.0149976397         0.0009127991
    1.0547375000           0.0172705227         0.0009795272
    1.1244875000           0.0170110907         0.0009721423
    1.1942375000           0.0184343575         0.0010119936
    1.2639875000           0.0180267091         0.0010007416
    1.3337375000           0.0227835570         0.0011250570
    1.4034875000           0.0274718505         0.0012354003
    1.4732375000           0.0386431102         0.0014652097
    1.5429875000           0.0538545493         0.0017297166
    1.6127375000           0.0634457119         0.0018774349
    1.6824875000           0.0678639840         0.0019417058
    1.7522375000           0.0713717349         0.0019912550
    1.8219875000           0.0714410265         0.0019922214
    1.8917375000           0.0701687205         0.0019744017
    1.9614875000           0.0663784831         0.0019203368
    2.0312375000           0.0646687833         0.0018954446
    2.1009875000           0.0626623970         0.0018658093
    2.1707375000           0.0600597735         0.0018266511
    2.2404875000           0.0558979037         0.0017622256
    2.3102375000           0.0562282782         0.0017674256
    2.3799875000           0.0483599051         0.0016391038
    2.4497375000           0.0478422245         0.0016303071
    2.5194875000           0.0465085050         0.0016074221
    2.5892375000           0.0447616532         0.0015769459
    2.6589875000           0.0423124236         0.0015331961
    2.7287375000           0.0412206065         0.0015132857
    2.7984875000           0.0386206514         0.0014647839
    2.8682375000           0.0378581762         0.0014502524
    2.9379875000           0.0361991385         0.0014181196
    3.0077375000           0.0350058324         0.0013945496
    3.0774875000           0.0336085560         0.0013664340
    3.1472375000           0.0323148330         0.0013398763
    3.2169875000           0.0305779763         0.0013033712
    3.2867375000           0.0331633742         0.0013573539
    3.3564875000           0.0299426822         0.0012897606
    3.4262375000           0.0306952717         0.0013058686
    3.4959875000           0.0315384232         0.0013236822
    3.5657375000           0.0304914181         0.0013015251
    3.6354875000           0.0301021916         0.0012931914
    3.7052375000           0.0278033773         0.0012428323
    3.7749875000           0.0277754242         0.0012422074
    3.8447375000           0.0272329632         0.0012300172
    3.9144875000           0.0253244899         0.0011861349
    3.9842375000           0.0268709061         0.0012218135
    4.0539875000           0.0285545169         0.0012595087
    4.1237375000           0.0265087993         0.0012135531
    4.1934875000           0.0273182573         0.0012319419
    4.2632375000           0.0271382186         0.0012278757
    4.3329875000           0.0284273156         0.0012567002
    4.4027375000           0.0270990885         0.0012269902
    4.4724875000           0.0267877435         0.0012199213
    4.5422375000           0.0256030058         0.0011926396
    4.6119875000           0.0276280386         0.0012389072
    4.6817375000           0.0268147516         0.0012205361
    4.7514875000           0.0263999701         0.0012110595
    4.8212375000           0.0280715044         0.0012488106
    4.8909875000           0.0303490653         0.0012984834
    4.9607375000           0.0274627729         0.0012351962
    5.0304875000           0.0278146910         0.0012430851
    5.1002375000           0.0287262718         0.0012632909
    5.1699875000           0.0300615608         0.0012923183
    5.2397375000           0.0304509298         0.0013006607
    5.3094875000           0.0294643744         0.0012794177
    5.3792375000           0.0265423146         0.0012143200
    5.4489875000           0.0301140886         0.0012934469
    5.5187375000           0.0275647759         0.0012374880
    5.5884875000           0.0276801642         0.0012400754
    5.6582375000           0.0254307318         0.0011886204
    5.7279875000           0.0250370370         0.0011793839
    5.7977375000           0.0246852026         0.0011710680
    5.8674875000           0.0255810854         0.0011921289
    5.9372375000           0.0233094806         0.0011379680
    6.0069875000           0.0199929158         0.0010539059
    6.0767375000           0.0187673826         0.0010210937
    6.1464875000           0.0207818722         0.0010744992
    6.2162375000           0.0207082103         0.0010725932
    6.2859875000           0.0184796737         0.0010132367
    6.3557375000           0.0194083920         0.0010383853
    6.4254875000           0.0176448895         0.0009900867
    6.4952375000           0.0167933335         0.0009659001
    6.5649875000           0.0181572293         0.0010043580
    6.6347375000           0.0158909919         0.0009395919
    6.7044875000           0.0158643850         0.0009388049
    6.7742375000           0.0145564250         0.0008992721
    6.8439875000           0.0145935827         0.0009004191
    6.9137375000           0.0155117771         0.0009283132
    6.9834875000           0.0152467041         0.0009203473
    7.0532375000           0.0155558272         0.0009296304
    7.1229875000           0.0157733193         0.0009361066
    7.1927375000           0.0136192014         0.0008698404
    7.2624875000           0.0129943779         0.0008496528
    7.3322375000           0.0133933043         0.0008625963
    7.4019875000           0.0114028228         0.0007959209
    7.4717375000           0.0125750589         0.0008358316
    7.5414875000           0.0091953236         0.0007147386
    7.6112375000           0.0091615287         0.0007134240
    7.6809875000           0.0101717871         0.0007517309
    7.7507375000           0.0083352021         0.0006804901
    7.8204875000           0.0085571011         0.0006894886
    7.8902375000           0.0068759342         0.0006180585
    7.9599875000           0.0074574235         0.0006436624
    8.0297375000           0.0066073182         0.0006058657
    8.0994875000           0.0055571875         0.0005556371
    8.1692375000           0.0068175051         0.0006154269
    8.2389875000           0.0056492669         0.0005602215
    8.3087375000           0.0048711725         0.0005202122
    8.3784875000           0.0049326519         0.0005234847
    8.4482375000           0.0057233005         0.0005638804
    8.5179875000           0.0053854843         0.0005469859
    8.5877375000           0.0052599347         0.0005405725
    8.6574875000           0.0043814156         0.0004933680
    8.7272375000           0.0047227313         0.0005122245
    8.7969875000           0.0042235374         0.0004843975
    8.8667375000           0.0042521690         0.0004860366
    8.9364875000           0.0031935096         0.0004212092
    9.0062375000           0.0033303595         0.0004301395
    9.0759875000           0.0032690361         0.0004261609
    9.1457375000           0.0031080683         0.0004155364
    9.2154875000           0.0035567537         0.0004445193
    9.2852375000           0.0025368406         0.0003754139
    9.3549875000           0.0027849518         0.0003933441
    9.4247375000           0.0036107359         0.0004478799
    9.4944875000           0.0030509978         0.0004117036
    9.5642375000           0.0024348775         0.0003677920
    9.6339875000           0.0026544888         0.0003840203
    9.7037375000           0.0024991685         0.0003726160
    9.7734875000           0.0025191721         0.0003741043
    9.8432375000           0.0023269338         0.0003595471
    9.9129875000           0.0023307673         0.0003598431
    9.9827375000           0.0020504577         0.0003375119
   10.0524875000           0.0026911477         0.0003866629
   10.1222375000           0.0023872844         0.0003641798
   10.1919875000           0.0018926290         0.0003242623
   10.2617375000           0.0023970654         0.0003649251
   10.3314875000           0.0022570818         0.0003541094
   10.4012375000           0.0021996222         0.0003495729
   10.4709875000           0.0017713004         0.0003136966
   10.5407375000           0.0026450446         0.0003833366
   10.6104875000           0.0015680145         0.0002951473
   10.6802375000           0.0025442679         0.0003759631
   10.7499875000           0.0020923903         0.0003409456
   10.8197375000           0.0016463861         0.0003024333
   10.8894875000           0.0015753871         0.0002958403
   10.9592375000           0.0019480023         0.0003289717
   11.0289875000           0.0020728093         0.0003393465
   11.0987375000           0.0014503216         0.0002838546
   11.1684875000           0.0016582090         0.0003035173
   11.2382375000           0.0015762628         0.0002959226
   11.3079875000           0.0013708110         0.0002759641
   11.3777375000           0.0006153394         0.0001848933
   11.4474875000           0.0011111111         0.0002484520
